1.851999945938587189e-02,9.733999967575073242e-01,-8.703000098466873169e-02
-2.398000061511993408e-01,1.853999942541122437e-01,-1.094999983906745911e-01
-2.117000073194503784e-01,-5.677000284194946289e-01,4.887999892234802246e-01
-7.021999955177307129e-01,-5.594000220298767090e-01,-9.440000355243682861e-02
6.098999977111816406e-01,-5.651999711990356445e-01,-1.641999930143356323e-01
2.676999866962432861e-01,-7.386000156402587891e-01,2.342000007629394531e-01
-2.969999909400939941e-01,-4.410000145435333252e-01,-6.733999848365783691e-01
1.404999941587448120e-01,-5.231000185012817383e-01,-7.454000115394592285e-01
-1.054999977350234985e-02,3.609000146389007568e-01,1.665000021457672119e-01
-3.413999974727630615e-01,-6.373999714851379395e-01,-3.607000112533569336e-01
-1.563999988138675690e-02,-8.579000234603881836e-01,-1.379999965429306030e-01
-4.073999822139739990e-02,-7.500000298023223877e-02,-1.243000030517578125e-01
4.169000089168548584e-01,-3.274999856948852539e-01,-1.644999980926513672e-01
1.541000045835971832e-02,-7.742000222206115723e-01,1.361999958753585815e-01
-3.632999956607818604e-01,-3.787999972701072693e-02,-1.111999973654747009e-01
1.908999979496002197e-01,7.404000163078308105e-01,-8.404999971389770508e-02
1.729000061750411987e-01,-5.519000291824340820e-01,3.106000125408172607e-01
-1.625999957323074341e-01,-7.063999772071838379e-01,-2.061000019311904907e-01
-7.875999808311462402e-02,-3.786999881267547607e-01,-3.165000081062316895e-01
-6.167000159621238708e-02,1.333999931812286377e-01,-2.612999975681304932e-01
-1.234000027179718018e-01,-3.332999944686889648e-01,-1.234999969601631165e-01
-1.553000062704086304e-01,7.774999737739562988e-01,2.892999909818172455e-02
-5.314000248908996582e-01,-4.751000106334686279e-01,-4.933999851346015930e-02
-4.167000055313110352e-01,-7.031999826431274414e-01,-5.149999856948852539e-01
-3.896999955177307129e-01,-6.044999957084655762e-01,8.088999986648559570e-02
-4.964999854564666748e-01,-3.269999921321868896e-01,-1.171000003814697266e-01
-4.149999842047691345e-02,3.251000046730041504e-01,-2.745999991893768311e-01
-4.988000169396400452e-02,9.827999770641326904e-02,-4.404000043869018555e-01
2.615000009536743164e-01,1.500999927520751953e-01,-1.614000052213668823e-01
-1.756999939680099487e-01,5.874999761581420898e-01,-1.019999980926513672e-01
2.293000072240829468e-01,3.592999875545501709e-01,-8.163999766111373901e-02
1.512999981641769409e-01,-5.526999831199645996e-01,1.659999936819076538e-01
-2.910000085830688477e-01,7.427999973297119141e-01,-2.047999948263168335e-01
-4.777000099420547485e-02,5.019999742507934570e-01,1.261000037193298340e-01
1.995999962091445923e-01,-7.501999735832214355e-01,-6.179999709129333496e-01
-3.288000077009201050e-02,8.187999725341796875e-01,4.517000168561935425e-02
-6.503000110387802124e-02,-1.844000071287155151e-01,-5.572999715805053711e-01
-5.202999711036682129e-01,-6.115000247955322266e-01,5.668999999761581421e-02
-1.208000034093856812e-01,3.231000006198883057e-01,1.269000023603439331e-01
-1.194999963045120239e-01,7.365000247955322266e-01,-1.560000032186508179e-01
2.144999951124191284e-01,5.939000248908996582e-01,-1.328999996185302734e-01
6.955999881029129028e-03,9.703000187873840332e-01,-1.979999989271163940e-01
-8.415000140666961670e-02,9.243999719619750977e-01,-7.919000089168548584e-02
7.951000332832336426e-02,7.307000160217285156e-01,-9.944000095129013062e-02
-5.498999953269958496e-01,-6.195999979972839355e-01,-1.650000065565109253e-01
2.296999990940093994e-01,-6.014999747276306152e-01,3.855000138282775879e-01
-3.626999855041503906e-01,-5.613999962806701660e-01,-1.391000021249055862e-02
5.238000154495239258e-01,-5.479000210762023926e-01,-1.066000014543533325e-01
2.847000062465667725e-01,-6.779999732971191406e-01,1.513999998569488525e-01
-2.122999913990497589e-02,9.803999960422515869e-02,1.573999971151351929e-01
1.691000014543533325e-01,-4.806999862194061279e-01,-5.503000020980834961e-01
-2.424000054597854614e-01,-5.336999893188476562e-01,3.118000030517578125e-01
-4.532000049948692322e-02,-2.146999984979629517e-01,-1.852000057697296143e-01
-1.142999976873397827e-01,7.691000103950500488e-01,-5.335000157356262207e-02
-9.279000014066696167e-02,-6.492000222206115723e-01,3.861000016331672668e-02
-1.968000084161758423e-02,8.835999965667724609e-01,-1.458999961614608765e-01
-4.619000013917684555e-03,-1.605000048875808716e-01,-3.630999922752380371e-01
-1.985000073909759521e-01,7.432000041007995605e-01,-1.967999935150146484e-01
-1.138000003993511200e-02,1.331000030040740967e-01,-2.521000057458877563e-02
1.234999974258244038e-03,-4.142000079154968262e-01,-3.213999867439270020e-01
2.398999929428100586e-01,-6.125000119209289551e-01,-8.516000211238861084e-02
-6.641999632120132446e-02,2.973999977111816406e-01,-3.556999862194061279e-01
-4.024000093340873718e-02,3.070999979972839355e-01,-1.833000034093856812e-01
-2.417999953031539917e-01,-4.754999876022338867e-01,-3.605000078678131104e-01
-4.476000070571899414e-01,-5.828999876976013184e-01,2.864000014960765839e-02
1.870000064373016357e-01,-5.648999810218811035e-01,9.446000307798385620e-02
-1.755000054836273193e-01,-5.187000036239624023e-01,2.707999944686889648e-01
-2.522999942302703857e-01,6.219999790191650391e-01,-1.039000004529953003e-01
1.378999948501586914e-01,5.051000118255615234e-01,-1.492000073194503784e-01
-2.809000015258789062e-01,6.054000258445739746e-01,-1.094000041484832764e-02
-3.519999980926513672e-01,-6.373000144958496094e-01,-7.711999863386154175e-02
8.201000094413757324e-02,-4.932000041007995605e-01,-6.768000125885009766e-01
4.332999885082244873e-01,-5.188999772071838379e-01,-1.330000013113021851e-01
2.085999995470046997e-01,-1.470000017434358597e-02,-1.819999963045120239e-01
1.013000030070543289e-02,5.813999772071838379e-01,-1.607999950647354126e-01
2.615000009536743164e-01,-6.775000095367431641e-01,-1.979999989271163940e-01
-3.768999874591827393e-01,-6.110000014305114746e-01,1.529999971389770508e-01
-6.612999737262725830e-02,-1.941000074148178101e-01,-2.899999916553497314e-02
-2.986999973654747009e-02,-1.727000027894973755e-01,-4.934000074863433838e-01
-2.913999855518341064e-01,1.563999950885772705e-01,-1.504999995231628418e-01
-4.593000113964080811e-01,-6.208999752998352051e-01,9.442999958992004395e-02
3.449000120162963867e-01,-3.158000111579895020e-01,-1.242000013589859009e-01
-1.935999989509582520e-01,-4.133999943733215332e-01,-4.893000125885009766e-01
-4.070000052452087402e-01,-2.874999940395355225e-01,-9.328000247478485107e-02
-1.022000014781951904e-01,-4.717000126838684082e-01,3.280000090599060059e-01
-4.098999872803688049e-02,-4.205000102519989014e-01,2.504999935626983643e-01
-4.902999848127365112e-02,8.159000277519226074e-01,-3.267000019550323486e-01
7.430999726057052612e-02,-7.688999772071838379e-01,-2.422000020742416382e-01
-9.532999992370605469e-02,2.811999917030334473e-01,-4.316999912261962891e-01
-5.203000083565711975e-02,2.966000139713287354e-01,1.609999984502792358e-01
-2.842000126838684082e-01,-7.159000039100646973e-01,2.547000050544738770e-01
-5.434999987483024597e-02,3.878999948501586914e-01,-4.375000000000000000e-01
2.109999954700469971e-01,-7.193999886512756348e-01,2.046000063419342041e-01
-1.394999958574771881e-02,-1.835999935865402222e-01,2.811999917030334473e-01
-1.055999994277954102e-01,-4.246000051498413086e-01,-3.542000055313110352e-01
-1.669999957084655762e-01,-6.589999794960021973e-01,-1.617999970912933350e-01
-8.134999871253967285e-02,3.673999905586242676e-01,1.622000038623809814e-01
3.271999955177307129e-01,-7.523999810218811035e-01,2.552999854087829590e-01
2.474999986588954926e-02,2.967999875545501709e-01,1.542000025510787964e-01
-2.418999932706356049e-02,8.208000063896179199e-01,-3.123999945819377899e-02
4.095000028610229492e-01,-4.841000139713287354e-01,-1.893000006675720215e-01
-6.251999735832214355e-02,1.224000006914138794e-01,-3.781000077724456787e-01
-6.978999823331832886e-02,-4.275999963283538818e-01,-5.899999737739562988e-01
6.446000188589096069e-02,-5.555999875068664551e-01,-2.755999863147735596e-01
2.117999941110610962e-01,-5.217000246047973633e-01,-1.149000003933906555e-01
-1.376000046730041504e-01,-5.439000129699707031e-01,-2.496999949216842651e-01
-3.044999949634075165e-02,3.246999979019165039e-01,-4.050999879837036133e-01
-3.070999979972839355e-01,6.371999979019165039e-01,-1.272999942302703857e-01
2.531999945640563965e-01,4.453999996185302734e-01,-2.065999954938888550e-01
-2.361000031232833862e-01,5.885999798774719238e-01,-5.299000069499015808e-02
-5.459000170230865479e-02,-7.651000022888183594e-01,1.277000010013580322e-01
-1.793999969959259033e-02,9.266999959945678711e-01,-9.995999932289123535e-02
-1.062000021338462830e-01,6.654000282287597656e-01,-3.921000063419342041e-01
-3.050999939441680908e-01,-4.512000083923339844e-01,-4.774000048637390137e-01
-2.725000083446502686e-01,-7.064999938011169434e-01,1.315000057220458984e-01
-4.112000018358230591e-02,-4.796999990940093994e-01,-1.768999993801116943e-01
-3.012999892234802246e-01,-7.490000128746032715e-01,3.749000132083892822e-01
-7.197000086307525635e-02,-4.115999937057495117e-01,1.096000000834465027e-01
-2.854000031948089600e-02,-4.027999937534332275e-01,1.563999950885772705e-01
3.488999903202056885e-01,-5.296000242233276367e-01,-5.144999921321868896e-02
-3.064999878406524658e-01,-4.469999969005584717e-01,-6.175000071525573730e-01
3.347000107169151306e-02,-5.315999984741210938e-01,3.075000084936618805e-02
-7.166000083088874817e-03,-8.039000034332275391e-01,2.220999915152788162e-03
2.228000015020370483e-01,4.217999875545501709e-01,-6.038000062108039856e-02
-1.513999998569488525e-01,-6.053000092506408691e-01,-1.645999997854232788e-01
-3.905000090599060059e-01,-5.842999815940856934e-01,2.780999988317489624e-02
3.675999864935874939e-02,-8.027999997138977051e-01,-2.093999981880187988e-01
-2.346000075340270996e-02,4.790999889373779297e-01,-6.745000183582305908e-02
-6.478999853134155273e-01,-5.468999743461608887e-01,-1.080999970436096191e-01
-2.888999879360198975e-01,-4.636000096797943115e-01,-4.156000018119812012e-01
-2.242000028491020203e-02,-5.825999975204467773e-01,-2.316000014543533325e-01
7.164999842643737793e-02,-7.064999938011169434e-01,-2.987999916076660156e-01
1.826999932527542114e-01,-6.241000294685363770e-01,-9.104999899864196777e-02
-4.031999967992305756e-03,9.207000136375427246e-01,-1.772000044584274292e-01
-1.449999958276748657e-01,-4.282999932765960693e-01,-4.007000029087066650e-01
-3.985999897122383118e-02,3.445000052452087402e-01,1.247000023722648621e-01
-2.919999957084655762e-01,5.870000123977661133e-01,-5.917999893426895142e-02
2.011999934911727905e-01,-7.401000261306762695e-01,-5.673000216484069824e-01
-5.412000045180320740e-02,-3.698999881744384766e-01,-1.263000071048736572e-01
-1.550000011920928955e-01,1.840000003576278687e-01,-1.198000013828277588e-01
-1.178999990224838257e-01,7.709000110626220703e-01,-4.062999971210956573e-03
-4.738000035285949707e-02,-4.027999937534332275e-01,-3.458999991416931152e-01
-4.214999973773956299e-01,-5.630999803543090820e-01,-7.980999536812305450e-03
-5.335000157356262207e-01,-4.997000098228454590e-01,-9.176000207662582397e-02
-1.006999984383583069e-01,-3.673999905586242676e-01,-1.504999995231628418e-01
-4.143999889492988586e-02,8.396999835968017578e-01,-1.477999985218048096e-01
-1.535000056028366089e-01,-3.422999978065490723e-01,-1.611000001430511475e-01
5.301000177860260010e-02,1.735000014305114746e-01,-1.613000035285949707e-01
-4.905999824404716492e-02,5.950999855995178223e-01,-1.432999968528747559e-01
-1.080999970436096191e-01,-8.036999702453613281e-01,-7.052999734878540039e-02
-3.786999881267547607e-01,-6.924999952316284180e-01,-4.876999855041503906e-01
2.578999996185302734e-01,-7.146999835968017578e-01,1.870999932289123535e-01
1.567000001668930054e-01,-3.084999918937683105e-01,-9.845999628305435181e-02
1.582999974489212036e-01,-7.042999863624572754e-01,-4.445999860763549805e-01
-4.189000129699707031e-01,-6.157000064849853516e-01,1.176000013947486877e-01
-2.426999956369400024e-01,-6.969000101089477539e-01,1.826999932527542114e-01
-4.335999861359596252e-02,3.265999853610992432e-01,-2.250999957323074341e-01
1.263999938964843750e-01,-5.119000077247619629e-01,-6.901000142097473145e-01
-6.271000206470489502e-02,8.852000236511230469e-01,-1.171000003814697266e-01
-8.965999633073806763e-02,-3.779999911785125732e-01,-4.203000068664550781e-01
-2.402999997138977051e-01,7.402999997138977051e-01,-1.807000041007995605e-01
8.473999798297882080e-02,1.634999960660934448e-01,-1.186999976634979248e-01
5.883999913930892944e-02,7.817000150680541992e-01,-2.779000103473663330e-01
-2.882999926805496216e-02,2.987000048160552979e-01,1.233000010251998901e-01
-8.241999894380569458e-02,7.746000289916992188e-01,-8.350999653339385986e-02
-1.280999928712844849e-01,-6.662999987602233887e-01,6.474000215530395508e-02
-4.302000105381011963e-01,-6.031000018119812012e-01,6.368999928236007690e-02
-2.901000082492828369e-01,-2.793999910354614258e-01,-1.009000018239021301e-01
-2.946000099182128906e-01,3.795000016689300537e-01,-8.793999999761581421e-02
-1.687999963760375977e-01,7.350999712944030762e-01,-1.656000018119812012e-01
5.375999957323074341e-02,-5.291000008583068848e-01,-3.086999952793121338e-01
5.280999839305877686e-02,5.135999917984008789e-01,-1.041999980807304382e-01
-2.734999954700469971e-01,-4.422999918460845947e-01,-5.138000249862670898e-01
-3.973999917507171631e-01,-5.618999898433685303e-02,-1.301999986171722412e-01
2.250999957323074341e-01,6.144000291824340820e-01,-2.466000020503997803e-01
-2.011000066995620728e-01,1.747000068426132202e-01,-1.304000020027160645e-01
-3.470999896526336670e-01,-5.191000103950500488e-01,-1.652999967336654663e-01
7.384999841451644897e-02,4.167999923229217529e-01,-1.412000060081481934e-01
-1.608999967575073242e-01,-4.843999817967414856e-02,-1.553000062704086304e-01
-5.280000041238963604e-04,-1.615000069141387939e-01,-4.045999944210052490e-01
-1.600999943912029266e-02,3.718999922275543213e-01,-4.368000030517578125e-01
-8.660999685525894165e-02,6.823999881744384766e-01,-2.946000099182128906e-01
-2.125999927520751953e-01,6.029999852180480957e-01,-1.121999993920326233e-01
1.076000034809112549e-01,-5.288000106811523438e-01,1.423999965190887451e-01
-1.499000005424022675e-02,4.318000078201293945e-01,1.097000017762184143e-01
-2.824000120162963867e-01,5.981000065803527832e-01,-1.180000007152557373e-01
5.787000060081481934e-02,-7.779999971389770508e-01,-1.712000072002410889e-01
1.861000061035156250e-01,-3.161000087857246399e-02,-1.527999937534332275e-01
-8.884000033140182495e-02,-6.909000277519226074e-01,5.518000107258558273e-03
-4.855000078678131104e-01,-5.942000150680541992e-01,4.820999875664710999e-02
1.738999933004379272e-01,-7.246999740600585938e-01,-5.916000008583068848e-01
4.481000006198883057e-01,-5.026999711990356445e-01,-1.659999936819076538e-01
-4.636999964714050293e-02,1.063999980688095093e-01,1.067000031471252441e-01
9.952999651432037354e-02,5.196999907493591309e-01,-1.439999938011169434e-01
-3.582999855279922485e-02,8.014000058174133301e-01,1.013999991118907928e-02
-1.045999955385923386e-02,3.756999969482421875e-01,1.304000020027160645e-01
2.469000071287155151e-01,-6.876000165939331055e-01,1.518000066280364990e-01
6.190000101923942566e-03,-7.831000089645385742e-01,4.974000155925750732e-02
-4.887000098824501038e-02,3.296999931335449219e-01,-3.680000007152557373e-01
-4.765999913215637207e-01,-5.164999961853027344e-01,-1.561000049114227295e-01
-9.333000332117080688e-02,-1.277000010013580322e-01,-4.205000102519989014e-01
-1.846999973058700562e-01,-5.342000126838684082e-01,3.898999989032745361e-01
-3.020000085234642029e-02,-3.073000013828277588e-01,-1.248999983072280884e-01
-1.940999925136566162e-02,3.630999922752380371e-01,9.414000064134597778e-02
-3.813000023365020752e-02,4.663000106811523438e-01,1.253000050783157349e-01
2.398999929428100586e-01,-3.066999912261962891e-01,-9.929999709129333496e-02
-7.581000030040740967e-02,-1.770000010728836060e-01,1.947000040672719479e-03
-2.331999987363815308e-01,-4.846000075340270996e-01,-3.260999917984008789e-01
-2.696000039577484131e-01,1.699000000953674316e-01,-1.235999986529350281e-01
-2.979999990202486515e-04,-4.124999940395355225e-01,-3.578000068664550781e-01
3.889999985694885254e-01,-5.271999835968017578e-01,-5.905000120401382446e-02
-6.151000261306762695e-01,-5.447000265121459961e-01,-1.474999934434890747e-01
-4.479999840259552002e-02,1.052000001072883606e-01,-4.054999947547912598e-01
-5.217999964952468872e-02,2.746999859809875488e-01,-1.466999948024749756e-01
-1.662999987602233887e-01,-6.470000147819519043e-01,1.959999948740005493e-01
-3.089999854564666748e-01,-4.519000053405761719e-01,-5.126000046730041504e-01
-4.284999966621398926e-01,-5.252000093460083008e-01,-2.101999968290328979e-01
3.838999867439270020e-01,-3.213999867439270020e-01,-1.465000063180923462e-01
-3.296000063419342041e-01,4.832000136375427246e-01,-1.207000017166137695e-01
-2.648000046610832214e-02,-2.303999960422515869e-01,-1.492999941110610962e-01
2.536999881267547607e-01,-5.303999781608581543e-01,-4.510999843478202820e-02
-1.614000052213668823e-01,-6.988999843597412109e-01,-2.475000023841857910e-01
1.826000064611434937e-01,-4.785999953746795654e-01,-1.787000000476837158e-01
2.354000061750411987e-01,-5.813000202178955078e-01,2.685000002384185791e-01
-2.151000052690505981e-01,-4.406000077724456787e-01,-4.582000076770782471e-01
-1.665000021457672119e-01,-6.978999972343444824e-01,4.732999950647354126e-02
2.081999927759170532e-02,-5.540000200271606445e-01,5.080000031739473343e-03
-9.374000132083892822e-02,-7.814000248908996582e-01,2.427999973297119141e-01
-5.666999816894531250e-01,-6.761000156402587891e-01,1.272000074386596680e-01
1.546000037342309952e-02,-7.850000262260437012e-01,1.810999959707260132e-01
8.438000082969665527e-02,-7.113000154495239258e-01,1.041999980807304382e-01
-4.302999973297119141e-01,-5.182999968528747559e-01,-1.655000001192092896e-01
-2.082999944686889648e-01,-5.432999730110168457e-01,-1.272000074386596680e-01
-4.944999888539314270e-02,-1.791999936103820801e-01,-5.261999964714050293e-01
5.584000051021575928e-02,-6.069999933242797852e-01,-1.400000005960464478e-01
2.237000018358230591e-01,1.567000001668930054e-01,-1.406999975442886353e-01
-1.843000054359436035e-01,-6.765999794006347656e-01,-2.067999988794326782e-01
-1.340000033378601074e-01,-6.442000269889831543e-01,1.371999979019165039e-01
-7.227999716997146606e-02,-4.350999891757965088e-01,-6.779999821446835995e-04
8.724000304937362671e-02,5.433999896049499512e-01,-1.791999936103820801e-01
1.483999937772750854e-01,-7.019000053405761719e-01,-5.659999847412109375e-01
-2.469999939203262329e-01,6.226000189781188965e-01,-6.486999988555908203e-02
1.112999990582466125e-01,-4.934999942779541016e-01,-3.504999876022338867e-01
-6.317999958992004395e-02,-7.502999901771545410e-01,-1.395999938249588013e-01
-3.392999991774559021e-02,3.023999929428100586e-01,-9.365999698638916016e-02
-3.554999828338623047e-02,3.941999971866607666e-01,-1.303000003099441528e-01
-3.258999884128570557e-01,5.644000172615051270e-01,-8.744999766349792480e-02
2.217999994754791260e-01,-6.780999898910522461e-01,1.184000000357627869e-01
-1.570000052452087402e-01,4.828000068664550781e-01,-4.072999954223632812e-01
-1.546999961137771606e-01,4.063999950885772705e-01,-1.319999992847442627e-01
-2.249999940395355225e-01,-5.773000121116638184e-01,1.444000005722045898e-02
-1.111000031232833862e-01,-8.055999875068664551e-01,3.030999898910522461e-01
-3.262999951839447021e-01,3.542000055313110352e-01,-1.177000030875205994e-01
2.732000080868601799e-03,-4.578000009059906006e-01,-5.544999837875366211e-01
3.400999903678894043e-01,-2.928000092506408691e-01,-1.828999966382980347e-01
2.366999983787536621e-01,-6.657999753952026367e-01,-1.386999934911727905e-01
1.410000026226043701e-01,-5.540000200271606445e-01,9.410999715328216553e-02
-2.167000062763690948e-02,-1.466999948024749756e-01,1.146999970078468323e-01
-1.930000036954879761e-01,-6.963000297546386719e-01,1.244999989867210388e-01
1.098000034689903259e-01,-6.510000228881835938e-01,-1.092000007629394531e-01
8.884000033140182495e-02,4.749000072479248047e-01,1.014999970793724060e-01
-4.411999881267547607e-01,-3.179000020027160645e-01,-1.453000009059906006e-01
5.500999838113784790e-02,4.810000061988830566e-01,6.667000055313110352e-02
-1.172999963164329529e-01,4.345000088214874268e-01,-4.156999886035919189e-01
-6.690999865531921387e-02,-1.611000001430511475e-01,1.147999987006187439e-01
5.148999858647584915e-03,3.980000019073486328e-01,-1.463000029325485229e-01
-4.043000042438507080e-01,-6.231999993324279785e-01,-9.223999828100204468e-02
-1.070000007748603821e-01,-5.001000165939331055e-01,1.897999942302703857e-01
-2.535000145435333252e-01,-5.661000013351440430e-01,-8.533000014722347260e-03
-4.560000002384185791e-01,-6.255000233650207520e-01,-1.045999974012374878e-01
3.606000170111656189e-02,-5.981000065803527832e-01,-2.659000083804130554e-02
-1.623000055551528931e-01,-5.820000171661376953e-01,-1.369999945163726807e-01
3.681999817490577698e-02,-5.036000013351440430e-01,5.344000086188316345e-02
-5.618000030517578125e-02,-4.334999918937683105e-01,-2.269999980926513672e-01
-3.669999912381172180e-02,1.149000003933906555e-01,6.580000044777989388e-04
-4.867999851703643799e-01,-5.239999890327453613e-01,-2.083999961614608765e-01
-5.265999957919120789e-02,-5.148000121116638184e-01,-1.557999998331069946e-01
-3.826999962329864502e-01,-6.067000031471252441e-01,-1.415999978780746460e-01
-1.180000044405460358e-02,-8.410000205039978027e-01,3.041999936103820801e-01
4.627000167965888977e-02,-4.688999950885772705e-01,-5.723999738693237305e-01
-4.075000062584877014e-02,-5.580999851226806641e-01,-1.190999969840049744e-01
1.984000056982040405e-01,-4.159000143408775330e-02,-1.098999977111816406e-01
-1.400000043213367462e-02,1.049999967217445374e-01,-2.486999928951263428e-01
-1.211000010371208191e-01,4.966000020503997803e-01,-3.962999880313873291e-01
1.858000010251998901e-01,6.520000100135803223e-01,-2.107000052928924561e-01
-2.311999946832656860e-01,-4.239000082015991211e-01,-5.235999822616577148e-01
-4.628999903798103333e-02,3.027999997138977051e-01,4.949999973177909851e-02
-1.957000046968460083e-02,3.467000126838684082e-01,-3.522999882698059082e-01
-1.323000043630599976e-01,-7.168999910354614258e-01,-2.734000086784362793e-01
3.565999865531921387e-02,-5.716000199317932129e-01,-2.567999958992004395e-01
-1.358000040054321289e-01,-6.891000270843505859e-01,-3.127999901771545410e-01
1.582999974489212036e-01,1.635999977588653564e-01,-1.180000007152557373e-01
5.265000090003013611e-02,-6.732000112533569336e-01,-3.461000025272369385e-01
-6.072000041604042053e-02,-6.539999842643737793e-01,-1.035000011324882507e-01
-5.464000105857849121e-01,-5.260999798774719238e-01,-1.574999988079071045e-01
-2.694999873638153076e-01,5.429999828338623047e-01,-7.732000201940536499e-02
-8.332999795675277710e-02,-1.618999987840652466e-01,6.015999987721443176e-02
-6.224999949336051941e-02,3.321999907493591309e-01,-3.350000083446502686e-01
2.941999956965446472e-02,-8.206000179052352905e-02,-1.292999982833862305e-01
9.822999686002731323e-02,-5.120000243186950684e-01,1.833000034093856812e-01
-1.606000065803527832e-01,-6.761999726295471191e-01,1.027999967336654663e-01
1.494999974966049194e-01,-5.083000063896179199e-01,-1.709000021219253540e-01
-3.001999855041503906e-01,-2.976000010967254639e-01,-1.309999972581863403e-01
6.621000170707702637e-02,-6.252999901771545410e-01,-1.019999980926513672e-01
2.412000000476837158e-01,3.788000047206878662e-01,-1.831000000238418579e-01
-3.827000036835670471e-02,-1.606999933719635010e-01,-2.834999859333038330e-01
4.664000123739242554e-02,-7.513999938964843750e-01,-5.911999940872192383e-02
-1.405999958515167236e-01,-7.312999963760375977e-01,-2.259999960660934448e-01
-7.227999716997146606e-02,-6.460999846458435059e-01,-1.445000022649765015e-01
2.191000059247016907e-02,5.346000194549560547e-01,7.399000227451324463e-02
-5.539999902248382568e-02,-8.018000125885009766e-01,-4.114000126719474792e-02
6.475999951362609863e-02,5.300999879837036133e-01,8.129999786615371704e-02
2.371999900788068771e-03,6.516000032424926758e-01,5.242000147700309753e-02
-5.427999887615442276e-03,4.749999940395355225e-01,2.476000040769577026e-02
-1.403000056743621826e-01,-4.505000114440917969e-01,-3.513999879360198975e-01
7.449000328779220581e-02,-6.478999853134155273e-01,-4.666000008583068848e-01
-2.329999953508377075e-01,-2.879000008106231689e-01,-1.184000000357627869e-01
1.468000002205371857e-02,-6.510999798774719238e-01,-3.226000070571899414e-01
-5.043999850749969482e-02,-2.048999965190887451e-01,-1.259000003337860107e-01
-2.349999995203688741e-04,-4.729999899864196777e-01,-4.415000081062316895e-01
-2.662999927997589111e-01,-4.151000082492828369e-02,-1.770000010728836060e-01
-2.431000024080276489e-01,-6.434999704360961914e-01,-2.497999966144561768e-01
-2.639999985694885254e-01,-5.813999772071838379e-01,8.291000127792358398e-02
2.223999947309494019e-01,4.602000117301940918e-01,-9.826000034809112549e-02
-1.425999999046325684e-01,-6.147000193595886230e-01,-5.871000140905380249e-02
-2.252000011503696442e-02,-7.867000102996826172e-01,-1.262000054121017456e-01
-2.851000130176544189e-01,4.539999961853027344e-01,-1.045000031590461731e-01
1.033999994397163391e-01,-6.054999828338623047e-01,-9.205000102519989014e-02
-6.891000270843505859e-02,-8.386999964714050293e-01,-1.094999983906745911e-01
-2.800999954342842102e-02,-1.993000060319900513e-01,-7.838000357151031494e-02
-2.189999967813491821e-01,-7.089999914169311523e-01,2.776000089943408966e-02
-4.196000099182128906e-01,-4.749999940395355225e-01,-6.808000057935714722e-02
3.440999984741210938e-01,-6.704999804496765137e-01,-1.250000000000000000e-01
4.755999892950057983e-02,-5.002999901771545410e-01,-3.630000054836273193e-01
-2.325000017881393433e-01,-4.627000093460083008e-01,-3.952000141143798828e-01
-1.812999993562698364e-01,-5.317999720573425293e-01,-9.715999662876129150e-02
-9.397000074386596680e-02,-3.788999915122985840e-01,-4.702999889850616455e-01
-2.442999929189682007e-01,-4.539000093936920166e-01,-4.286000132560729980e-01
-7.334999740123748779e-02,-1.451999992132186890e-01,-4.557000100612640381e-01
-6.735999882221221924e-02,-7.961999773979187012e-01,-7.861000299453735352e-02
-1.395000070333480835e-01,-5.217999815940856934e-01,1.356000006198883057e-01
-1.511999964714050293e-01,-5.141000151634216309e-01,4.032999873161315918e-01
9.922000020742416382e-02,-5.435000061988830566e-01,7.056000083684921265e-02
-1.960999965667724609e-01,-5.289999842643737793e-01,1.254000067710876465e-01
-2.173999994993209839e-01,-6.668000221252441406e-01,-3.790000081062316895e-01
1.490000039339065552e-01,6.172999739646911621e-01,-1.889999955892562866e-01
-6.238000094890594482e-02,-6.970999836921691895e-01,-1.433999985456466675e-01
-1.171000003814697266e-01,4.862999916076660156e-01,-3.531000018119812012e-01
-9.700000286102294922e-02,1.536999940872192383e-01,-1.305000036954879761e-01
-2.272000014781951904e-01,5.608999729156494141e-01,-9.912999719381332397e-02
-4.292000085115432739e-02,-8.731999993324279785e-01,3.506999909877777100e-01
-1.346999965608119965e-02,-1.020999997854232788e-01,-1.420000046491622925e-01
3.878999873995780945e-02,8.259000182151794434e-01,-1.124999970197677612e-01
-3.835000097751617432e-01,-5.195999741554260254e-01,-1.555999964475631714e-01
-1.001999974250793457e-01,-7.836999893188476562e-01,-2.032999992370605469e-01
-3.905000090599060059e-01,-5.665000081062316895e-01,-1.791999936103820801e-01
4.569000005722045898e-02,-6.531000137329101562e-01,-3.919000029563903809e-01
-5.223000049591064453e-01,-6.700000166893005371e-01,1.555999964475631714e-01
-4.679999873042106628e-02,4.593000113964080811e-01,-4.031000137329101562e-01
-2.689999938011169434e-01,-5.022000074386596680e-01,-1.238000020384788513e-01
-4.346000030636787415e-02,8.048999905586242676e-01,-1.132000014185905457e-01
-2.213999927043914795e-01,-5.289000272750854492e-01,1.931000053882598877e-01
-1.962999999523162842e-01,-7.145000100135803223e-01,-8.863999694585800171e-02
-1.332000046968460083e-01,-7.124999761581420898e-01,-1.612000018358230591e-01
-8.252999931573867798e-02,-4.740000069141387939e-01,2.493000030517578125e-01
1.788000017404556274e-02,6.680999994277954102e-01,2.190000005066394806e-02
2.786000072956085205e-02,-4.645000100135803223e-01,-6.121000051498413086e-01
-3.320999816060066223e-02,8.087000250816345215e-01,-2.590999901294708252e-01
-6.779000163078308105e-02,-4.122000038623809814e-01,3.629000112414360046e-02
-2.263000048696994781e-02,-8.122000098228454590e-01,-1.527999937534332275e-01
2.569999992847442627e-01,3.610000014305114746e-01,-1.298000067472457886e-01
3.897999972105026245e-02,-3.359999954700469971e-01,-1.550000011920928955e-01
-3.125000000000000000e-01,-5.792000293731689453e-01,1.737999916076660156e-02
-4.803999885916709900e-02,-2.619999945163726807e-01,-1.237000003457069397e-01
-3.226999938488006592e-01,-6.729000210762023926e-01,-4.618999958038330078e-01
-2.194000035524368286e-02,3.348999917507171631e-01,4.681999981403350830e-02
-3.470999896526336670e-01,-3.063000142574310303e-01,-1.796000003814697266e-01
2.450000047683715820e-01,-5.260000228881835938e-01,-8.765999972820281982e-02
2.900999970734119415e-03,-3.811999857425689697e-01,1.226999983191490173e-01
-2.696000039577484131e-01,-5.365999937057495117e-01,-1.864999979734420776e-01
6.412000209093093872e-02,-7.200999855995178223e-01,1.522000040858983994e-02
5.590999871492385864e-02,-4.794000089168548584e-01,-5.206999778747558594e-01
-2.597000002861022949e-01,4.147999882698059082e-01,-1.052000001072883606e-01
2.442000061273574829e-01,-4.129000008106231689e-02,-1.196999996900558472e-01
2.298000007867813110e-01,5.565999746322631836e-01,-2.175000011920928955e-01
1.859000027179718018e-01,-7.120000123977661133e-01,-3.955000042915344238e-01
1.132000014185905457e-01,-6.736000180244445801e-01,-4.799000024795532227e-01
4.817999899387359619e-02,-7.048000097274780273e-01,-1.142999976873397827e-01
-2.633999884128570557e-01,5.634999871253967285e-01,-1.255999952554702759e-01
-2.987000048160552979e-01,-5.591999888420104980e-01,-1.492999959737062454e-02
2.152000069618225098e-01,-5.842999815940856934e-01,3.300000131130218506e-01
-9.743999689817428589e-02,3.831999897956848145e-01,1.286000013351440430e-01
-1.423999965190887451e-01,-6.164000034332275391e-01,-1.872999966144561768e-02
-4.643999934196472168e-01,-6.457999944686889648e-01,1.632999926805496216e-01
-1.669999957084655762e-01,-6.769000291824340820e-01,-2.976000010967254639e-01
1.585000008344650269e-01,-6.496999859809875488e-01,7.983000017702579498e-03
-2.029000073671340942e-01,-6.611999869346618652e-01,-2.485000044107437134e-01
1.926999911665916443e-02,5.088000297546386719e-01,3.540999814867973328e-02
-5.609999969601631165e-02,1.226999983191490173e-01,-1.474000066518783569e-01
6.188999861478805542e-02,-6.183000206947326660e-01,-4.207000136375427246e-02
-1.859000027179718018e-01,-6.448000073432922363e-01,2.529000043869018555e-01
-7.726000249385833740e-02,5.324000120162963867e-01,-3.727999925613403320e-01
-1.902000010013580322e-01,-6.707000136375427246e-01,-1.337999999523162842e-01
1.335999965667724609e-01,5.740000009536743164e-01,-2.013999968767166138e-01
1.438000053167343140e-01,-6.955999732017517090e-01,-4.912000000476837158e-01
-2.840000092983245850e-01,5.207999944686889648e-01,-5.214999988675117493e-02
-4.831000044941902161e-02,-2.811000049114227295e-01,-1.561000049114227295e-01
-6.196999922394752502e-02,-1.006999984383583069e-01,-1.451999992132186890e-01
-6.100000143051147461e-01,-5.160999894142150879e-01,-7.073000073432922363e-02
-6.179999932646751404e-02,5.638999938964843750e-01,-1.252000033855438232e-01
-6.553000211715698242e-02,-7.390999794006347656e-01,6.256999820470809937e-02
3.262999951839447021e-01,-5.424999818205833435e-02,-1.658000051975250244e-01
-2.833000123500823975e-01,6.358000040054321289e-01,-4.216999933123588562e-02
-1.243999972939491272e-01,-7.692999839782714844e-01,2.678999900817871094e-01
-6.592000275850296021e-02,-1.372999995946884155e-01,-3.037999868392944336e-01
3.124000132083892822e-01,-6.352000236511230469e-01,-9.201999753713607788e-02
-1.910999976098537445e-02,7.602000236511230469e-01,-1.685999929904937744e-01
2.465000003576278687e-01,-5.088999867439270020e-01,-1.357000023126602173e-01
-1.947000026702880859e-01,-4.199000075459480286e-02,-1.784999966621398926e-01
-2.487999945878982544e-01,-7.081000208854675293e-01,8.229999989271163940e-02
-1.435000002384185791e-01,1.557999998331069946e-01,-1.658000051975250244e-01
-5.214999988675117493e-02,1.147999987006187439e-01,-2.189999967813491821e-01
-8.462999761104583740e-02,-3.792999982833862305e-01,-3.822000026702880859e-01
-2.125000059604644775e-01,-5.005999803543090820e-01,-8.726000040769577026e-02
-5.150999873876571655e-02,2.930999919772148132e-02,-1.288000047206878662e-01
-4.995000064373016357e-01,-5.928999781608581543e-01,-1.796000003814697266e-01
-3.469000011682510376e-02,3.513000011444091797e-01,-1.500999927520751953e-01
-2.962999977171421051e-02,-4.763000011444091797e-01,-3.468999862670898438e-01
-3.262999951839447021e-01,-5.252000093460083008e-01,-1.970999985933303833e-01
2.221000045537948608e-01,4.264999926090240479e-01,-2.031999975442886353e-01
-1.396999955177307129e-01,-7.332000136375427246e-01,-1.052999985404312611e-03
9.949000179767608643e-02,-4.855999946594238281e-01,-5.755000114440917969e-01
-3.288999944925308228e-02,-3.294999897480010986e-01,-1.561000049114227295e-01
-8.904000371694564819e-02,6.740000247955322266e-01,-3.524000048637390137e-01
4.688000082969665527e-01,-5.306000113487243652e-01,-1.239999979734420776e-01
-2.755999863147735596e-01,-6.528999805450439453e-01,-3.249000012874603271e-01
7.271999865770339966e-02,-7.099999785423278809e-01,-5.392000079154968262e-02
-2.270999997854232788e-01,-5.774000287055969238e-01,6.394000351428985596e-02
1.257999986410140991e-01,-4.817999899387359619e-01,-5.138000249862670898e-01
-2.741999924182891846e-02,5.504000186920166016e-01,-1.415999978780746460e-01
-2.251999974250793457e-01,3.998999893665313721e-01,-1.579000055789947510e-01
-1.137000024318695068e-01,-6.195999979972839355e-01,-1.401000022888183594e-01
4.925999939441680908e-01,-5.271999835968017578e-01,-1.564999967813491821e-01
-7.653000205755233765e-02,4.537000060081481934e-01,-4.287999868392944336e-01
-1.995999962091445923e-01,-5.904999971389770508e-01,3.722000122070312500e-02
-5.183999985456466675e-02,-8.001999855041503906e-01,2.334000021219253540e-01
-3.801000118255615234e-02,-4.688999950885772705e-01,-3.828999996185302734e-01
-3.046000003814697266e-02,-6.758000254631042480e-01,-1.208000034093856812e-01
-1.702000051736831665e-01,-6.040999889373779297e-01,4.279000218957662582e-03
5.175000056624412537e-03,-4.672000110149383545e-01,-4.932999908924102783e-01
-5.037000179290771484e-01,-6.412000060081481934e-01,1.054000034928321838e-01
-2.487999945878982544e-01,-6.699000000953674316e-01,-3.528000116348266602e-01
8.093000203371047974e-02,-6.707000136375427246e-01,-4.169999957084655762e-01
-2.538999915122985840e-01,-4.785999953746795654e-01,-8.815000206232070923e-02
-3.388000130653381348e-01,3.668999969959259033e-01,-1.666000038385391235e-01
-9.492000192403793335e-02,6.503999829292297363e-01,-3.251000046730041504e-01
-5.670999884605407715e-01,-4.943000078201293945e-01,-6.289000064134597778e-02
-2.827000059187412262e-02,-6.377999782562255859e-01,-1.226999983191490173e-01
-5.920999869704246521e-02,3.770000040531158447e-01,1.168000027537345886e-01
4.684999883174896240e-01,-4.893999993801116943e-01,-2.046999931335449219e-01
-2.065999954938888550e-01,-3.185000121593475342e-01,-1.784999966621398926e-01
-1.970999985933303833e-01,-5.482000112533569336e-01,4.262000024318695068e-01
-2.558999955654144287e-01,-4.210000038146972656e-01,-6.259999871253967285e-01
2.554999887943267822e-01,4.137000143527984619e-01,-1.891999989748001099e-01
-3.073999881744384766e-01,-4.681000113487243652e-01,-6.943999975919723511e-02
-2.937000058591365814e-02,1.622000038623809814e-01,-1.327999979257583618e-01
-8.835999667644500732e-02,-7.761999964714050293e-01,-5.209999904036521912e-02
-1.071999967098236084e-01,5.199000239372253418e-01,-4.201000034809112549e-01
-4.715999960899353027e-01,-4.727999866008758545e-01,-5.773999914526939392e-02
2.840000018477439880e-02,-4.819000065326690674e-01,-4.609000086784362793e-01
-6.208999827504158020e-02,3.362999856472015381e-01,3.835999965667724609e-02
3.059999942779541016e-01,-4.729999899864196777e-01,-1.940000057220458984e-01
-1.981999911367893219e-02,1.124999970197677612e-01,-3.059000074863433838e-01
-5.668999999761581421e-02,-7.991999983787536621e-01,-1.554999947547912598e-01
1.168999969959259033e-01,-6.524000167846679688e-01,-2.655999921262264252e-02
-2.248999895527958870e-03,-1.301999986171722412e-01,3.189999982714653015e-02
-2.856999933719635010e-01,-4.453000128269195557e-01,-5.498999953269958496e-01
-5.746999979019165039e-01,-5.228000283241271973e-01,-1.067000031471252441e-01
-6.486000120639801025e-02,-5.088000297546386719e-01,6.565999984741210938e-02
2.119999974966049194e-01,6.173999905586242676e-01,-2.104000002145767212e-01
-1.678999960422515869e-01,-3.873000144958496094e-01,-5.101000070571899414e-01
3.858999907970428467e-02,-7.358000278472900391e-01,3.796000033617019653e-02
1.448000073432922363e-01,-2.690999954938888550e-02,-1.601999998092651367e-01
-4.757000133395195007e-02,-1.595000028610229492e-01,2.109000086784362793e-02
1.972000002861022949e-01,-6.525999903678894043e-01,4.910000041127204895e-02
-3.397000133991241455e-01,-5.945000052452087402e-01,6.781999766826629639e-02
-3.061000108718872070e-01,4.661000072956085205e-01,-1.796000003814697266e-01
-5.581000074744224548e-02,-1.712999939918518066e-01,2.101999968290328979e-01
8.561000227928161621e-02,-1.544999983161687851e-02,-1.702000051736831665e-01
-2.380000054836273193e-01,-6.930000185966491699e-01,2.863000035285949707e-01
3.097999989986419678e-01,-7.196000218391418457e-01,2.087000012397766113e-01
2.336000092327594757e-03,4.952000081539154053e-01,-8.806999772787094116e-03
2.260999977588653564e-01,3.849999904632568359e-01,-1.405999958515167236e-01
-5.477000027894973755e-02,-8.513000011444091797e-01,-1.626999974250793457e-01
1.638000085949897766e-02,-8.088999986648559570e-01,2.572000026702880859e-01
-6.181000173091888428e-02,-6.032999753952026367e-01,-1.968999952077865601e-01
-1.089999973773956299e-01,4.058000147342681885e-01,-1.349000036716461182e-01
-9.667000174522399902e-02,-7.602000236511230469e-01,1.946000009775161743e-01
-5.965999886393547058e-02,-3.964999914169311523e-01,-4.375000000000000000e-01
1.208000001497566700e-03,-3.828000128269195557e-01,1.614000052213668823e-01
3.021999895572662354e-01,-5.275999903678894043e-01,-5.666000023484230042e-02
2.093999981880187988e-01,-5.662999749183654785e-01,2.346999943256378174e-01
-9.491999633610248566e-03,-7.623999714851379395e-01,9.877000004053115845e-02
1.680999994277954102e-01,-5.633999705314636230e-01,5.629999935626983643e-02
1.881999969482421875e-01,-6.786000132560729980e-01,-1.494999974966049194e-01
-2.587999999523162842e-01,-3.066999912261962891e-01,-1.659999936819076538e-01
8.332000114023685455e-03,-1.307000070810317993e-01,1.612000018358230591e-01
-7.113999873399734497e-02,-4.821000099182128906e-01,-2.702000141143798828e-01
1.515000015497207642e-01,-4.210999980568885803e-02,-1.096000000834465027e-01
-1.841000020503997803e-01,-5.273000001907348633e-01,1.670999974012374878e-01
-9.232000261545181274e-02,-5.231000185012817383e-01,-2.526000142097473145e-01
-3.565999865531921387e-01,-6.273999810218811035e-01,-1.127000004053115845e-01
-2.136999964714050293e-01,-6.730999946594238281e-01,-1.037999987602233887e-01
-1.711000055074691772e-01,-4.715999960899353027e-01,-3.463999927043914795e-01
-1.854999959468841553e-01,-7.336999773979187012e-01,6.700000085402280092e-05
-3.224999904632568359e-01,6.403999924659729004e-01,-7.742000371217727661e-02
-3.828000128269195557e-01,-3.089999854564666748e-01,-1.738000065088272095e-01
-6.623999774456024170e-02,-1.612000018358230591e-01,1.712000072002410889e-01
-4.078999906778335571e-02,-7.139999866485595703e-01,-1.176000013947486877e-01
-2.280000001192092896e-01,-7.013999819755554199e-01,1.353999972343444824e-01
-4.574999958276748657e-02,3.562000095844268799e-01,-4.163999855518341064e-01
-5.528999865055084229e-02,-4.199000000953674316e-01,-5.353000164031982422e-01
-2.570999860763549805e-01,4.501999914646148682e-01,-1.376000046730041504e-01
-1.193000003695487976e-01,9.559999704360961914e-01,-1.859000027179718018e-01
1.283999979496002197e-01,-5.436000227928161621e-01,-1.511999964714050293e-01
6.791000068187713623e-02,-6.618999838829040527e-01,-1.074000000953674316e-01
1.758999973535537720e-01,6.031000018119812012e-01,-2.157000005245208740e-01
-1.229999959468841553e-02,1.112999990582466125e-01,-3.607999980449676514e-01
1.906999945640563965e-01,4.381000101566314697e-01,-8.547999709844589233e-02
1.326999962329864502e-01,-5.357000231742858887e-01,1.913000047206878662e-01
7.067000120878219604e-02,-5.095999836921691895e-01,1.185000017285346985e-01
-1.324999928474426270e-01,-5.773000121116638184e-01,-1.124000027775764465e-01
-2.213999927043914795e-01,-6.025999784469604492e-01,-1.737000048160552979e-01
-9.469000250101089478e-02,-6.377999782562255859e-01,-6.872999668121337891e-02
9.833999723196029663e-02,-7.030000090599060059e-01,3.206000104546546936e-02
1.689999923110008240e-02,-7.231000065803527832e-01,-2.673999965190887451e-01
-1.492000073194503784e-01,-2.373000048100948334e-02,-1.200999990105628967e-01
1.976999919861555099e-03,7.333999872207641602e-01,-1.253000050783157349e-01
3.085999935865402222e-02,5.393000245094299316e-01,-1.639000028371810913e-01
-4.628000035881996155e-02,4.271000027656555176e-01,-1.495999991893768311e-01
4.459999909158796072e-04,3.176999986171722412e-01,9.282000362873077393e-02
-2.448000013828277588e-01,-6.568999886512756348e-01,-2.949999868869781494e-01
-1.128999982029199600e-02,-4.268000125885009766e-01,3.095999956130981445e-01
-1.200999971479177475e-02,4.718999862670898438e-01,-1.433999985456466675e-01
4.322000145912170410e-01,-4.706999957561492920e-01,-2.125000059604644775e-01
-3.719000145792961121e-02,-8.177999854087829590e-01,2.716000080108642578e-01
1.950999945402145386e-01,6.266999840736389160e-01,-1.624999940395355225e-01
2.834999859333038330e-01,-5.115000009536743164e-01,-1.339000016450881958e-01
-3.214000165462493896e-02,-4.011999964714050293e-01,1.042999997735023499e-01
-6.139000132679939270e-02,-4.528999924659729004e-01,-4.111000150442123413e-02
-1.704999953508377075e-01,-2.924999892711639404e-01,-1.106000021100044250e-01
-1.240999996662139893e-01,-5.521000027656555176e-01,5.223000049591064453e-02
-2.012999951839447021e-01,-7.005000114440917969e-01,8.905000239610671997e-02
-4.237999916076660156e-01,-6.104999780654907227e-01,-1.415999978780746460e-01
1.349000036716461182e-01,-4.860000014305114746e-01,-4.539000093936920166e-01
3.014999926090240479e-01,-6.714000105857849121e-01,-1.592999994754791260e-01
1.528999954462051392e-01,-7.024000287055969238e-01,-5.309000015258789062e-01
-2.590000033378601074e-01,-2.150000073015689850e-02,-1.141000017523765564e-01
2.917999923229217529e-01,-3.073999881744384766e-01,-1.035000011324882507e-01
1.231999974697828293e-02,-7.929999828338623047e-01,-3.695999830961227417e-02
-5.056999996304512024e-02,4.864000082015991211e-01,-1.396999955177307129e-01
9.802000224590301514e-02,1.805000007152557373e-01,-1.656000018119812012e-01
-3.181999921798706055e-01,6.229000091552734375e-01,-3.533000126481056213e-02
-7.722000032663345337e-02,-7.445999979972839355e-01,-3.618000075221061707e-02
-3.616999834775924683e-02,-1.562999933958053589e-01,-3.215000033378601074e-01
-2.818000018596649170e-01,-6.603999733924865723e-01,-6.631000339984893799e-02
-6.120000034570693970e-03,6.747999787330627441e-01,-1.099999994039535522e-02
9.565000236034393311e-02,-5.130999907851219177e-02,-1.125999987125396729e-01
1.111999973654747009e-01,-7.017999887466430664e-01,-3.987999856472015381e-01
-1.404000073671340942e-01,-4.984999895095825195e-01,3.068999946117401123e-01
1.517000049352645874e-01,-4.907000064849853516e-01,-5.899000167846679688e-01
1.343999952077865601e-01,-7.093999981880187988e-01,1.458999961614608765e-01
1.269999984651803970e-02,-6.768000125885009766e-01,-2.957000136375427246e-01
2.679999917745590210e-02,4.494999945163726807e-01,8.795999735593795776e-02
-3.125999867916107178e-01,-6.460999846458435059e-01,-8.948999643325805664e-02
-3.120000064373016357e-01,3.598999977111816406e-01,-1.975000053644180298e-01
-7.028999924659729004e-02,-4.911000132560729980e-01,1.040000021457672119e-01
1.253000050783157349e-01,-5.706999897956848145e-01,2.316999994218349457e-02
1.981000006198883057e-01,1.768999993801116943e-01,-1.718000024557113647e-01
8.454000204801559448e-02,-7.469999790191650391e-01,-1.802999973297119141e-01
1.984000019729137421e-02,-5.511999726295471191e-01,-2.831000089645385742e-01
-5.026999861001968384e-02,2.689999938011169434e-01,1.090999990701675415e-01
7.107000052928924561e-02,8.314999938011169434e-01,-9.246999770402908325e-02
-1.146999970078468323e-01,-4.984000027179718018e-01,2.291000038385391235e-01
-3.585999831557273865e-02,-6.204000115394592285e-01,-1.596000045537948608e-01
-1.248000003397464752e-02,-8.427000045776367188e-01,-1.036000028252601624e-01
2.779000103473663330e-01,-2.849000096321105957e-01,-1.713999956846237183e-01
-1.913000047206878662e-01,-6.743999719619750977e-01,-3.314000070095062256e-01
-7.767999917268753052e-02,4.864999949932098389e-01,-2.791999876499176025e-01
-2.459999918937683105e-02,2.926000058650970459e-01,-3.623000085353851318e-01
-5.415999889373779297e-01,-6.561999917030334473e-01,1.096000000834465027e-01
-1.664000004529953003e-01,-6.678000092506408691e-01,1.388999968767166138e-01
2.380000054836273193e-01,4.699000120162963867e-01,-1.721999943256378174e-01
5.489999894052743912e-04,2.772000133991241455e-01,-4.023000001907348633e-01
2.288999967277050018e-02,5.072000026702880859e-01,-1.391000002622604370e-01
-9.367999620735645294e-03,-1.325999945402145386e-01,-3.616000059992074966e-03
-3.052999973297119141e-01,-5.910999774932861328e-01,9.911999851465225220e-02
-4.073999822139739990e-02,-5.633000135421752930e-01,-1.597000062465667725e-01
-2.517000138759613037e-01,-6.222000122070312500e-01,-1.517000049352645874e-01
3.396999835968017578e-02,-7.707999944686889648e-01,-2.387000024318695068e-01
6.673000007867813110e-02,-5.332000255584716797e-01,4.689000174403190613e-02
-2.489000000059604645e-02,-1.836999952793121338e-01,-1.429000049829483032e-01
-3.235999867320060730e-02,3.134000003337860107e-01,-1.314000040292739868e-01
-2.569000050425529480e-02,-7.139000296592712402e-01,-1.546999961137771606e-01
-1.070000007748603821e-01,-7.175999879837036133e-01,9.342999756336212158e-02
5.594999790191650391e-01,-5.534999966621398926e-01,-1.475999951362609863e-01
7.198999822139739990e-02,-3.064000010490417480e-01,-1.640000045299530029e-01
-3.316000103950500488e-01,-6.606000065803527832e-01,-4.144000113010406494e-01
-3.134999889880418777e-03,-8.018000125885009766e-01,-2.027000039815902710e-01
-3.003000048920512199e-03,-4.119000136852264404e-01,-4.776000082492828369e-01
-3.632999956607818604e-02,-7.474999874830245972e-03,-1.542000025510787964e-01
-1.615999937057495117e-01,-6.696000099182128906e-01,-3.522000014781951904e-01
1.001000031828880310e-01,-4.891000092029571533e-01,-4.359999895095825195e-01
2.012999914586544037e-02,-7.896999716758728027e-01,-9.212999790906906128e-02
2.140000015497207642e-01,4.709999859333038330e-01,-1.400000005960464478e-01
-6.083999946713447571e-02,6.577000021934509277e-01,-1.979999989271163940e-01
-3.481999933719635010e-01,4.456999897956848145e-01,-1.511999964714050293e-01
8.376000449061393738e-03,-1.295000016689300537e-01,1.254000067710876465e-01
3.702000016346573830e-03,-1.286000013351440430e-01,8.202999830245971680e-02
-3.106999993324279785e-01,-3.068000078201293945e-01,-1.711000055074691772e-01
-9.877999871969223022e-02,5.550000071525573730e-01,-3.946000039577484131e-01
-5.527999997138977051e-02,5.048000216484069824e-01,-3.562000095844268799e-01
2.053000032901763916e-01,-5.631999969482421875e-01,1.423999965190887451e-01
-3.698999881744384766e-01,-6.412000060081481934e-01,-3.847999870777130127e-01
-4.769999980926513672e-01,-5.101000070571899414e-01,-1.189000010490417480e-01
1.216999962925910950e-01,-5.105999708175659180e-01,2.410999983549118042e-01
-2.236000001430511475e-01,-5.584999918937683105e-01,-7.396999746561050415e-02
-5.271999910473823547e-02,1.967999935150146484e-01,-1.471000015735626221e-01
5.247999913990497589e-03,-1.440999954938888550e-01,1.958999931812286377e-01
-3.942999988794326782e-02,-7.694000005722045898e-01,5.039000138640403748e-02
-5.333999916911125183e-02,-5.996000170707702637e-01,-1.221999973058700562e-01
-2.649999968707561493e-02,3.705999851226806641e-01,-3.885999917984008789e-01
-2.290000021457672119e-01,-6.575999855995178223e-01,-4.291999936103820801e-01
-7.630000263452529907e-02,3.835000097751617432e-01,-1.412000060081481934e-01
1.089999973773956299e-01,5.135999917984008789e-01,-1.101000010967254639e-01
-2.083999961614608765e-01,4.257000088691711426e-01,-1.268000006675720215e-01
-3.012999892234802246e-01,-7.091000080108642578e-01,1.905999928712844849e-01
-3.036000020802021027e-02,5.146999955177307129e-01,8.805999904870986938e-02
-2.632000148296356201e-01,-6.535000205039978027e-01,-1.027999967336654663e-01
-6.703999638557434082e-02,1.342999935150146484e-01,-3.267000019550323486e-01
1.483999937772750854e-01,-7.092999815940856934e-01,-3.767000138759613037e-01
-7.555999793112277985e-03,-3.926999866962432861e-01,2.079000025987625122e-01
-2.978000044822692871e-01,-3.912999853491783142e-02,-1.572999954223632812e-01
-1.944999992847442627e-01,-6.837000250816345215e-01,1.571999937295913696e-01
-2.578000128269195557e-01,-4.304000139236450195e-01,-5.820000171661376953e-01
1.570000052452087402e-01,7.408000230789184570e-01,-1.018999963998794556e-01
-2.544000148773193359e-01,-5.741999745368957520e-01,3.400000184774398804e-02
-1.398999989032745361e-02,1.272999942302703857e-01,3.161000087857246399e-02
-1.392000019550323486e-01,-5.231999754905700684e-01,9.933000057935714722e-02
-9.030000120401382446e-02,-7.419999837875366211e-01,1.269000023603439331e-01
1.203999966382980347e-01,1.650999933481216431e-01,-1.246000006794929504e-01
-1.345999985933303833e-01,-5.766999721527099609e-01,2.170000039041042328e-02
9.860000573098659515e-04,-4.984000027179718018e-01,-3.341999948024749756e-01
-1.160999983549118042e-01,-5.853000283241271973e-01,-2.152999937534332275e-01
-1.293999999761581421e-01,-7.501000165939331055e-01,-1.896000057458877563e-01
-1.335999965667724609e-01,-7.559000253677368164e-01,-1.385000050067901611e-01
-7.288999855518341064e-02,-8.181999921798706055e-01,-1.925999969244003296e-01
-4.760999977588653564e-02,-7.863000035285949707e-01,1.759999990463256836e-01
-1.216000020503997803e-01,-4.945000112056732178e-01,-2.797999978065490723e-01
1.286000013351440430e-01,5.249999761581420898e-01,-1.770000010728836060e-01
-1.861999928951263428e-01,-2.952999994158744812e-02,-1.324000060558319092e-01
-1.819999963045120239e-01,-3.140000104904174805e-01,-1.384000033140182495e-01
-1.708000004291534424e-01,-5.852000117301940918e-01,-9.380999952554702759e-02
1.872999966144561768e-02,-6.467999815940856934e-01,-1.247999966144561768e-01
-4.188999906182289124e-02,-4.740000069141387939e-01,8.800999820232391357e-02
5.795000120997428894e-02,-7.337999939918518066e-01,-2.529999986290931702e-02
-2.469000034034252167e-02,3.147999942302703857e-01,-3.195999860763549805e-01
-1.083000004291534424e-02,-8.391000032424926758e-01,-1.761000007390975952e-01
-3.228000104427337646e-01,-6.359999775886535645e-01,-3.262000083923339844e-01
-3.100999891757965088e-01,4.286000132560729980e-01,-8.078999817371368408e-02
-3.041000068187713623e-01,5.810999870300292969e-01,-1.479000002145767212e-01
-2.301999926567077637e-02,-1.538999974727630615e-01,1.728000044822692871e-01
-1.014000028371810913e-01,3.149000108242034912e-01,-3.948000073432922363e-01
2.381999939680099487e-01,6.310999989509582520e-01,-1.823000013828277588e-01
1.986999958753585815e-01,-5.720999836921691895e-01,2.856999933719635010e-01
-8.070000261068344116e-02,-4.106000065803527832e-01,1.824000030755996704e-01
-8.506999909877777100e-02,-4.336999952793121338e-01,-3.125000000000000000e-01
-7.110000122338533401e-03,2.737999856472015381e-01,1.053000018000602722e-01
-5.454000085592269897e-02,-4.645999968051910400e-01,-1.257999986410140991e-01
-4.799000173807144165e-02,4.715000092983245850e-01,-1.852999925613403320e-01
-9.927999973297119141e-02,-5.058000087738037109e-01,1.206000000238418579e-01
1.944000087678432465e-02,3.555000126361846924e-01,1.333000063896179199e-01
-1.876999996602535248e-02,-1.719000041484832764e-01,-4.854999855160713196e-02
-3.540999889373779297e-01,-5.882999897003173828e-01,3.378000110387802124e-02
-4.490999877452850342e-01,-5.842999815940856934e-01,-1.759999990463256836e-01
-9.059000015258789062e-02,4.487999975681304932e-01,-3.804000020027160645e-01
1.494999974966049194e-01,-5.296000242233276367e-01,2.775000035762786865e-01
-3.491999953985214233e-02,4.560000002384185791e-01,-1.160999983549118042e-01
-4.757000133395195007e-03,-4.122000038623809814e-01,2.711000144481658936e-01
-3.686999902129173279e-02,-1.562000066041946411e-01,6.821999698877334595e-02
1.571999937295913696e-01,-7.120000123977661133e-01,1.923000067472457886e-01
3.831000030040740967e-01,-5.006999969482421875e-01,-1.592999994754791260e-01
-5.231999978423118591e-02,-4.128000140190124512e-01,2.108999937772750854e-01
5.412999987602233887e-01,-5.285999774932861328e-01,-1.815000027418136597e-01
-3.131999969482421875e-01,4.451999962329864502e-01,-1.318999975919723511e-01
1.252000033855438232e-01,-7.106999754905700684e-01,-3.061000108718872070e-01
-4.587000012397766113e-01,-3.098999857902526855e-01,-1.032000035047531128e-01
-3.982000052928924561e-01,-3.030000030994415283e-01,-1.257999986410140991e-01
-2.435999959707260132e-01,-6.977999806404113770e-01,2.395000010728836060e-01
-4.149000048637390137e-01,-4.997000098228454590e-01,-1.036000028252601624e-01
1.427000015974044800e-01,-6.825000047683715820e-01,4.504000023007392883e-02
-3.203000128269195557e-01,-1.992999948561191559e-02,-1.036000028252601624e-01
1.940000057220458984e-01,4.598999917507171631e-01,-1.692000031471252441e-01
-5.844999849796295166e-02,-5.385000109672546387e-01,-2.334000021219253540e-01
2.026000022888183594e-01,-7.099000215530395508e-01,-4.313000142574310303e-01
-6.706000119447708130e-02,-1.553000062704086304e-01,-2.453999966382980347e-01
4.417999982833862305e-01,-5.239999890327453613e-01,-9.841000288724899292e-02
-2.861000001430511475e-01,5.490999817848205566e-01,-2.662999927997589111e-02
-4.244999960064888000e-02,-7.842000126838684082e-01,1.231000013649463654e-02
-1.041999980807304382e-01,8.338000178337097168e-01,-1.626999974250793457e-01
2.145999968051910400e-01,-6.427000164985656738e-01,-1.119000017642974854e-01
2.951000072062015533e-02,-7.986999750137329102e-01,-1.483000069856643677e-01
2.364999949932098389e-01,4.253999888896942139e-01,-1.204999983310699463e-01
-2.194000035524368286e-01,-5.764999985694885254e-01,-2.696000039577484131e-02
4.244000092148780823e-02,-3.562999963760375977e-01,-1.221999973058700562e-01
-2.953999936580657959e-01,5.368000268936157227e-01,-1.072999984025955200e-01
-5.382000003010034561e-03,5.354999899864196777e-01,1.345999985933303833e-01
3.628999888896942139e-01,-4.736999869346618652e-01,-2.000000029802322388e-01
-3.330999985337257385e-02,2.944999933242797852e-01,8.491999655961990356e-02
-8.799999952316284180e-02,3.355999886989593506e-01,-4.388000071048736572e-01
-2.987000048160552979e-01,4.079999923706054688e-01,-1.551000028848648071e-01
-3.576999902725219727e-01,-4.889999926090240479e-01,-9.334000200033187866e-02
2.284999936819076538e-01,6.470999717712402344e-01,-2.247000038623809814e-01
-1.070000007748603821e-01,-8.021000027656555176e-01,-1.347000002861022949e-01
6.105000153183937073e-02,5.927000045776367188e-01,-1.641999930143356323e-01
-4.044999927282333374e-02,8.047999739646911621e-01,-1.912000030279159546e-01
-6.188999861478805542e-02,-4.785000085830688477e-01,1.454000025987625122e-01
-7.744000107049942017e-02,2.725999951362609863e-01,-3.842000067234039307e-01
-2.626000046730041504e-01,-7.150999903678894043e-01,3.278000056743621826e-01
-6.487999856472015381e-02,-4.113000035285949707e-01,-2.540000081062316895e-01
8.428999781608581543e-02,-7.064999938011169434e-01,-1.439999938011169434e-01
3.936000168323516846e-02,5.587000250816345215e-01,1.167000010609626770e-01
8.101999759674072266e-03,5.066000223159790039e-01,9.644000232219696045e-02
9.206999838352203369e-02,-5.749999880790710449e-01,-1.462000012397766113e-01
-7.661999762058258057e-02,-5.378999710083007812e-01,4.654999822378158569e-02
-4.205000028014183044e-02,-6.261000037193298340e-01,-6.249000132083892822e-02
-1.025999989360570908e-02,-6.514999866485595703e-01,-9.358999878168106079e-02
-5.780000090599060059e-01,-6.983000040054321289e-01,1.550000011920928955e-01
-1.127000004053115845e-01,5.311999917030334473e-01,-3.495999872684478760e-01
-4.376000165939331055e-02,6.888999938964843750e-01,-1.328999996185302734e-01
-2.685999870300292969e-01,4.375999867916107178e-01,-1.799000054597854614e-01
-2.375999987125396729e-01,-5.432000160217285156e-01,-1.552000045776367188e-01
2.284999936819076538e-01,5.432999730110168457e-01,-1.717000007629394531e-01
-3.106999993324279785e-01,-4.955999851226806641e-01,-1.079000011086463928e-01
-2.375999987125396729e-01,-3.874000161886215210e-02,-1.492999941110610962e-01
-1.444000005722045898e-01,-5.019000172615051270e-01,3.533999919891357422e-01
-9.205000102519989014e-02,2.940999865531921387e-01,1.372999995946884155e-01
-7.332000136375427246e-02,3.605999946594238281e-01,-3.829999864101409912e-01
-2.535000145435333252e-01,5.867000222206115723e-01,-8.894000202417373657e-02
-2.282000035047531128e-01,-5.454999804496765137e-01,3.698999881744384766e-01
1.815000027418136597e-01,5.850999951362609863e-01,-1.581999957561492920e-01
-5.609000101685523987e-02,-1.513999998569488525e-01,-4.115000069141387939e-01
2.082999944686889648e-01,-7.017999887466430664e-01,1.603000015020370483e-01
1.401000022888183594e-01,1.810999959707260132e-01,-1.683000028133392334e-01
-1.342999935150146484e-01,5.867000222206115723e-01,-1.066000014543533325e-01
1.341000050306320190e-01,4.345999956130981445e-01,-1.423999965190887451e-01
-5.832999944686889648e-02,-4.178999960422515869e-01,-1.309999972581863403e-01
-2.842000126838684082e-01,-5.817999839782714844e-01,5.211000144481658936e-02
1.599000021815299988e-02,-6.344000101089477539e-01,-6.874000281095504761e-02
8.743999898433685303e-02,-7.448999881744384766e-01,-2.642999887466430664e-01
-3.787000104784965515e-02,-4.081000089645385742e-01,-3.964000046253204346e-01
1.324999928474426270e-01,-5.784000158309936523e-01,-1.046999990940093994e-01
-1.378999948501586914e-01,-5.052999854087829590e-01,2.676999866962432861e-01
-1.812000013887882233e-02,-7.918999791145324707e-01,2.044000029563903809e-01
1.655000001192092896e-01,-5.454000234603881836e-01,-1.218999996781349182e-01
1.480000064475461841e-04,7.702000141143798828e-01,-1.966000050306320190e-01
-3.855999931693077087e-02,3.874999880790710449e-01,1.492999941110610962e-01
-8.511999621987342834e-03,4.747000038623809814e-01,6.253000348806381226e-02
-1.744000054895877838e-02,-4.162000119686126709e-01,-3.359999880194664001e-02
-4.411000013351440430e-02,-4.009999930858612061e-01,-3.027000129222869873e-01
-2.057999968528747559e-01,-6.658999919891357422e-01,2.243999987840652466e-01
-1.648000031709671021e-01,-7.440000176429748535e-01,-1.018999963998794556e-01
-3.380999863147735596e-01,-5.781999826431274414e-01,-1.802999973297119141e-01
-2.355000004172325134e-02,-4.178000092506408691e-01,-1.476999968290328979e-01
-9.740000218152999878e-02,-5.195999741554260254e-01,7.757999747991561890e-02
6.503000110387802124e-02,-4.961000084877014160e-01,-4.151999950408935547e-01
6.046999990940093994e-02,5.218999981880187988e-01,-1.460999995470046997e-01
2.232999913394451141e-02,3.235000073909759521e-01,-3.828999996185302734e-01
-1.995000056922435760e-02,-1.627999991178512573e-01,-4.471000134944915771e-01
-2.128999978303909302e-01,-1.460999995470046997e-02,-1.098999977111816406e-01
-1.650999933481216431e-01,-5.216000080108642578e-01,2.136999964714050293e-01
1.827999949455261230e-01,6.209999918937683105e-01,-2.544000148773193359e-01
2.653999924659729004e-01,4.501999914646148682e-01,-1.429000049829483032e-01
-4.634999856352806091e-02,2.930000126361846924e-01,-4.361000061035156250e-01
-2.861000001430511475e-01,-6.599000096321105957e-01,-3.675999939441680908e-01
-3.443999886512756348e-01,-5.109999775886535645e-01,-1.275999993085861206e-01
-3.585999831557273865e-02,7.300999760627746582e-01,-1.448000073432922363e-01
1.993000060319900513e-01,-6.735000014305114746e-01,8.912999927997589111e-02
4.850000143051147461e-01,-5.400999784469604492e-01,-8.290000259876251221e-02
-4.067999869585037231e-02,-5.005000233650207520e-01,-3.163999915122985840e-01
-7.744999974966049194e-02,9.110000133514404297e-01,-1.565999984741210938e-01
-5.742000043392181396e-02,-2.082999944686889648e-01,-6.007000058889389038e-02
-2.410000003874301910e-02,6.506999731063842773e-01,-1.076000034809112549e-01
2.476000040769577026e-01,-6.510999798774719238e-01,1.005000025033950806e-01
4.957000166177749634e-02,4.417000114917755127e-01,1.263000071048736572e-01
8.998999744653701782e-02,-5.134000182151794434e-01,-3.242000043392181396e-01
-9.283000230789184570e-02,-6.076999902725219727e-01,-2.205000072717666626e-02
-2.108999937772750854e-01,-6.696000099182128906e-01,-2.860000133514404297e-01
-1.123000010848045349e-01,-6.233999729156494141e-01,-9.790000319480895996e-02
4.005999863147735596e-01,-5.210999846458435059e-01,-1.006999984383583069e-01
1.191999986767768860e-01,7.247999906539916992e-01,-1.049000024795532227e-01
-1.570000052452087402e-01,4.638999998569488525e-01,-3.668000102043151855e-01
-1.758999973535537720e-01,-4.839000105857849121e-01,-3.055999875068664551e-01
-2.506999969482421875e-01,3.894000053405761719e-01,-1.312000006437301636e-01
-9.805999696254730225e-02,-7.649000287055969238e-01,-2.432000041007995605e-01
1.827999949455261230e-01,-5.570999979972839355e-01,1.926999986171722412e-01
-1.865999996662139893e-01,-5.835999846458435059e-01,-1.682000011205673218e-01
1.389000006020069122e-02,-4.862999916076660156e-01,-3.973000049591064453e-01
1.828999966382980347e-01,4.501000046730041504e-01,-1.226999983191490173e-01
1.784999966621398926e-01,4.097000062465667725e-01,-1.740999966859817505e-01
-6.154999881982803345e-02,4.898999929428100586e-01,-2.125000059604644775e-01
2.695000031962990761e-03,4.510000050067901611e-01,1.436000019311904907e-01
-2.124000042676925659e-01,-4.984999895095825195e-01,-2.847000062465667725e-01
2.065999954938888550e-01,5.672000050544738770e-01,-2.720000147819519043e-01
1.712000072002410889e-01,-5.485000014305114746e-01,2.465000003576278687e-01
6.728000193834304810e-02,-5.687000155448913574e-01,1.727999933063983917e-02
-2.173000015318393707e-02,-4.905999898910522461e-01,-1.442999988794326782e-01
-2.463000081479549408e-02,6.589999794960021973e-01,-7.152999937534332275e-02
1.721999943256378174e-01,-7.027000188827514648e-01,1.149000003933906555e-01
-5.211000144481658936e-02,-1.852000057697296143e-01,-2.225999981164932251e-01
-2.172999978065490723e-01,-5.264000296592712402e-01,2.498999983072280884e-01
-1.624000072479248047e-01,-5.436999797821044922e-01,6.753999739885330200e-02
1.288000047206878662e-01,-4.880000054836273193e-01,-4.061999917030334473e-01
9.965000301599502563e-02,-5.325999855995178223e-01,1.067000031471252441e-01
-2.585000097751617432e-01,-4.419000148773193359e-01,-4.783000051975250244e-01
2.227999968454241753e-03,-3.680999875068664551e-01,-1.412000060081481934e-01
-2.930999994277954102e-01,4.765000045299530029e-01,-1.401000022888183594e-01
1.983000040054321289e-01,-3.048999905586242676e-01,-1.086999997496604919e-01
1.870999932289123535e-01,3.966000080108642578e-01,-9.841000288724899292e-02
-6.781999766826629639e-02,4.749000072479248047e-01,-3.749000132083892822e-01
-3.387999907135963440e-02,3.179000020027160645e-01,-5.172999948263168335e-02
-2.265000045299530029e-01,-6.744999885559082031e-01,-3.222999870777130127e-01
-2.424000017344951630e-02,-8.349000215530395508e-01,-6.858000159263610840e-02
-9.526000171899795532e-02,5.816000103950500488e-01,-1.169999986886978149e-01
3.080999851226806641e-01,-3.059000074863433838e-01,-1.439000070095062256e-01
-9.321999736130237579e-03,-4.111999869346618652e-01,-4.253999888896942139e-01
-3.334999978542327881e-01,3.948000073432922363e-01,-1.028999984264373779e-01
1.818999946117401123e-01,3.977000117301940918e-01,-1.367000043392181396e-01
3.460000082850456238e-02,1.379999965429306030e-01,-1.281999945640563965e-01
-3.627000004053115845e-02,-4.380000010132789612e-02,-1.544000059366226196e-01
-2.951000034809112549e-01,3.623999953269958496e-01,-1.500000059604644775e-01
2.549999952316284180e-02,6.704999804496765137e-01,1.089999973773956299e-01
-2.044000029563903809e-01,-6.348000168800354004e-01,-1.441999971866607666e-01
-5.733000114560127258e-02,7.608000040054321289e-01,-1.149000003933906555e-01
-2.576000094413757324e-01,-5.338000059127807617e-01,-7.806000113487243652e-02
2.661000005900859833e-02,7.627000212669372559e-01,-2.486000061035156250e-01
-3.599999845027923584e-02,-5.217000246047973633e-01,-1.200999990105628967e-01
-1.815000027418136597e-01,-5.220999717712402344e-01,3.222999870777130127e-01
-6.896000355482101440e-02,-4.720000028610229492e-01,2.010000050067901611e-01
8.975999802350997925e-02,5.279999971389770508e-01,1.177999973297119141e-01
4.961000084877014160e-01,-5.059000253677368164e-01,-1.904000043869018555e-01
6.849999725818634033e-02,-4.927999973297119141e-01,-4.717999994754791260e-01
-1.807000041007995605e-01,-5.953999757766723633e-01,-4.492000117897987366e-02
2.658999860286712646e-01,-6.657000184059143066e-01,-1.594000011682510376e-01
-3.512000143527984619e-01,-4.904999956488609314e-02,-1.525000035762786865e-01
-9.730999916791915894e-02,-5.705000162124633789e-01,2.263999916613101959e-02
-3.067000024020671844e-02,-1.615999937057495117e-01,-1.441000029444694519e-02
1.754000037908554077e-02,3.752999901771545410e-01,-4.099000096321105957e-01
-1.799999922513961792e-02,2.610999941825866699e-01,1.466999948024749756e-01
-6.004000082612037659e-02,2.599999904632568359e-01,1.465000063180923462e-01
-3.835000097751617432e-01,-4.672999978065490723e-01,-6.171000003814697266e-02
-2.802000008523464203e-02,7.461000233888626099e-02,-1.858000010251998901e-01
-6.355000194162130356e-03,-7.642999887466430664e-01,-2.273000031709671021e-01
1.914999932050704956e-01,-2.867000102996826172e-01,-1.653999984264373779e-01
1.864999979734420776e-01,-7.240999937057495117e-01,-5.209000110626220703e-01
8.584000170230865479e-02,-6.959000229835510254e-01,-3.625000119209289551e-01
-1.447000056505203247e-01,-7.645000219345092773e-01,-3.200000151991844177e-02
-2.834000065922737122e-02,-4.526999890804290771e-01,-7.650999724864959717e-02
3.418999910354614258e-01,-5.160999894142150879e-01,-1.328999996185302734e-01
1.512999981641769409e-01,-5.023999810218811035e-01,-6.484000086784362793e-01
-3.770999982953071594e-02,-1.476999968290328979e-01,-1.561000049114227295e-01
-7.114999927580356598e-03,1.225000023841857910e-01,-1.454000025987625122e-01
-5.017000064253807068e-02,2.313999980688095093e-01,-1.304000020027160645e-01
1.154000014066696167e-01,-6.916999816894531250e-01,-4.365999996662139893e-01
1.993999928236007690e-01,3.657000064849853516e-01,-1.102999970316886902e-01
-3.472999930381774902e-01,-2.811000049114227295e-01,-9.854999929666519165e-02
-1.195999979972839355e-01,-6.962999701499938965e-02,-1.499000042676925659e-01
2.703000009059906006e-01,-3.172999992966651917e-02,-1.757999956607818604e-01
3.836999833583831787e-02,4.979999959468841553e-01,1.158000007271766663e-01
9.781000018119812012e-02,-3.235999941825866699e-01,-1.286000013351440430e-01
4.221000149846076965e-02,7.347000241279602051e-01,-1.186999976634979248e-01
-4.396999999880790710e-02,3.296999931335449219e-01,-4.614000208675861359e-03
1.222999989986419678e-01,-7.070000171661376953e-01,-1.956000030040740967e-01
-2.160999923944473267e-03,-1.649000048637390137e-01,-3.034999966621398926e-01
2.028000056743621826e-01,-5.475000143051147461e-01,-6.317999958992004395e-02
-1.045000031590461731e-01,-5.559999942779541016e-01,-2.368000000715255737e-01
-1.178999990224838257e-01,-6.463000178337097168e-01,9.786000102758407593e-02
-5.517999827861785889e-02,3.574000000953674316e-01,7.261999696493148804e-02
-1.123000010848045349e-01,-7.469000220298767090e-01,-2.283000014722347260e-02
-2.734000049531459808e-02,-7.763000130653381348e-01,1.477999985218048096e-01
1.033999994397163391e-01,-4.939000010490417480e-01,-6.276000142097473145e-01
-2.264000028371810913e-01,-5.649999976158142090e-01,-1.863999962806701660e-01
1.317000016570091248e-02,-6.047999858856201172e-01,-2.172999978065490723e-01
-7.371000200510025024e-02,-7.742000222206115723e-01,-1.492999959737062454e-02
-2.761000096797943115e-01,-5.465000271797180176e-01,-4.106999933719635010e-02
-4.927999973297119141e-01,-6.520000100135803223e-01,1.375000029802322388e-01
4.460999965667724609e-01,-5.314000248908996582e-01,-5.985999852418899536e-02
2.084999978542327881e-01,-7.190999984741210938e-01,-4.779999852180480957e-01
5.418999865651130676e-02,-4.774999916553497314e-01,-6.420999765396118164e-01
1.216000020503997803e-01,-6.739000082015991211e-01,1.099999994039535522e-02
1.080999970436096191e-01,5.940999984741210938e-01,-1.697999984025955200e-01
-2.876000106334686279e-01,3.894000053405761719e-01,-1.941000074148178101e-01
-1.040999963879585266e-01,-4.801999926567077637e-01,2.867999970912933350e-01
-8.545000106096267700e-02,4.638999998569488525e-01,-3.341999948024749756e-01
8.801999688148498535e-02,-6.879000067710876465e-01,-2.009000070393085480e-02
-1.212999969720840454e-01,-4.648000001907348633e-01,-3.007000088691711426e-01
-4.441000148653984070e-02,-5.601999759674072266e-01,2.797999884933233261e-03
-1.231999993324279785e-01,4.291000068187713623e-01,-3.759000003337860107e-01
1.583999991416931152e-01,-5.756999850273132324e-01,-7.015000283718109131e-02
1.949000060558319092e-01,3.582000136375427246e-01,-1.477999985218048096e-01
1.054000034928321838e-01,-6.614999771118164062e-01,-5.203999876976013184e-01
-7.581000030040740967e-02,-1.571000069379806519e-01,-4.889999926090240479e-01
-1.282999962568283081e-01,-6.915000081062316895e-01,2.508999966084957123e-02
-6.403999775648117065e-02,5.249000191688537598e-01,-4.154999852180480957e-01
2.260999977588653564e-01,-4.871000051498413086e-01,-1.679999977350234985e-01
-1.221999991685152054e-02,-3.885000050067901611e-01,7.338000088930130005e-02
-3.228999972343444824e-01,-5.461999773979187012e-01,-3.858999907970428467e-02
3.542000055313110352e-01,-5.235000252723693848e-01,-9.318000078201293945e-02
-3.003999888896942139e-01,-5.209000110626220703e-01,-1.658000051975250244e-01
-2.873999997973442078e-02,8.427999913692474365e-02,-1.323000043630599976e-01
-3.348999917507171631e-01,4.553999900817871094e-01,-8.202999830245971680e-02
1.388999968767166138e-01,-6.887999773025512695e-01,-1.515000015497207642e-01
1.304000020027160645e-01,-7.059999704360961914e-01,8.913999795913696289e-02
-5.803000181913375854e-03,1.299999952316284180e-01,7.373999804258346558e-02
-4.990999996662139893e-01,-6.197999715805053711e-01,-1.369999945163726807e-01
1.661999970674514771e-01,-5.573999881744384766e-01,1.254999935626983643e-01
-8.243999630212783813e-02,3.398999869823455811e-01,1.088000014424324036e-01
-8.028999716043472290e-02,5.145000219345092773e-01,-3.176999986171722412e-01
-3.116999864578247070e-01,5.576000213623046875e-01,-5.578999966382980347e-02
-2.982000112533569336e-01,-7.361000180244445801e-01,3.219999969005584717e-01
2.865999937057495117e-01,-5.228000283241271973e-01,-9.830000251531600952e-02
-6.021000072360038757e-02,1.128999963402748108e-01,5.262999981641769409e-02
-2.842000126838684082e-01,-6.592000126838684082e-01,-4.302999973297119141e-01
-1.893000006675720215e-01,-5.205000042915344238e-01,-2.675999999046325684e-01
-2.888000011444091797e-01,-5.914000272750854492e-01,-1.733999997377395630e-01
-3.145000040531158447e-01,-6.323999762535095215e-01,-1.323000043630599976e-01
1.682000011205673218e-01,5.734000205993652344e-01,-2.381000071763992310e-01
-1.567000001668930054e-01,-5.063999891281127930e-01,-2.797999978065490723e-01
1.551000028848648071e-02,-7.954999804496765137e-01,2.177000045776367188e-01
-9.046000242233276367e-02,2.982000112533569336e-01,9.290000051259994507e-02
-4.566999971866607666e-01,-4.930000007152557373e-01,-8.980000019073486328e-02
-2.754000127315521240e-01,-6.410999894142150879e-01,-2.800999879837036133e-01
-1.059999987483024597e-01,3.573000133037567139e-01,-4.151999950408935547e-01
2.211000025272369385e-01,-5.638999938964843750e-01,1.916999965906143188e-01
2.088000029325485229e-01,5.224000215530395508e-01,-2.142000049352645874e-01
-3.522999882698059082e-01,-3.025999963283538818e-01,-1.397999972105026245e-01
-2.365999966859817505e-01,-6.466000080108642578e-01,-1.297000050544738770e-01
-8.404999971389770508e-02,-7.462999820709228516e-01,1.812000013887882233e-02
2.211000025272369385e-01,-6.786999702453613281e-01,-1.689999997615814209e-01
-5.085999891161918640e-02,2.565999925136566162e-01,-4.023999869823455811e-01
1.596000045537948608e-01,5.565999746322631836e-01,-1.803999990224838257e-01
-3.344999998807907104e-02,-4.352000057697296143e-01,-2.621000111103057861e-01
-5.135999992489814758e-03,-3.794000148773193359e-01,2.075999975204467773e-02
2.892000079154968262e-01,-5.037999898195266724e-02,-1.378999948501586914e-01
2.716999948024749756e-01,-4.932000041007995605e-01,-1.618999987840652466e-01
-5.115000009536743164e-01,-5.171999931335449219e-01,-1.427000015974044800e-01
1.800000071525573730e-01,5.504000186920166016e-01,-2.091999948024749756e-01
1.014999970793724060e-01,7.559999823570251465e-01,-1.098999977111816406e-01
-2.655999958515167236e-01,5.809000134468078613e-01,-3.375000134110450745e-02
-3.695999830961227417e-02,7.878000140190124512e-01,-1.509000062942504883e-01
-5.271000266075134277e-01,-5.275999903678894043e-01,-1.944999992847442627e-01
-3.016000092029571533e-01,4.183999896049499512e-01,-2.170999944210052490e-01
1.479000002145767212e-01,-2.852999866008758545e-01,-1.615000069141387939e-01
1.076000034809112549e-01,8.327999711036682129e-01,-9.413000196218490601e-02
1.922000050544738770e-01,-6.926000118255615234e-01,-1.968999952077865601e-01
1.573999971151351929e-01,-6.531999707221984863e-01,-1.169999986886978149e-01
-2.353000044822692871e-01,-6.697000265121459961e-01,-7.410000264644622803e-02
-2.514000050723552704e-02,-4.034000039100646973e-01,1.542999991215765476e-03
-2.967000007629394531e-02,-4.566999971866607666e-01,-2.268999963998794556e-01
1.406999975442886353e-01,3.910999894142150879e-01,-1.351999938488006592e-01
-2.266999930143356323e-01,-4.079999923706054688e-01,-5.843999981880187988e-01
-8.194000460207462311e-03,-4.287000000476837158e-01,-2.894000113010406494e-01
-1.747000068426132202e-01,-4.237999916076660156e-01,-4.453000128269195557e-01
2.066999971866607666e-01,5.846999883651733398e-01,-1.921000033617019653e-01
2.078000083565711975e-02,-7.688999772071838379e-01,-1.243000030517578125e-01
2.381000071763992310e-01,-2.976999878883361816e-01,-1.482000052928924561e-01
5.200000107288360596e-02,-7.501000165939331055e-01,-1.400000005960464478e-01
-1.651999913156032562e-02,-1.626999974250793457e-01,2.178000062704086304e-01
-4.972999989986419678e-01,-4.889000058174133301e-01,-8.530999720096588135e-02
8.770000189542770386e-02,-6.019999980926513672e-01,-1.946000009775161743e-02
-3.838999867439270020e-01,-6.704999804496765137e-01,-4.444999992847442627e-01
2.822999954223632812e-01,-6.553999781608581543e-01,-1.250000000000000000e-01
-3.425999879837036133e-01,-6.014000177383422852e-01,1.203999966382980347e-01
-5.220000073313713074e-02,-4.061000049114227295e-01,-4.876999855041503906e-01
1.636000000871717930e-03,-6.353999972343444824e-01,-1.803999990224838257e-01
-3.000999987125396729e-02,9.997999668121337891e-02,-7.827000319957733154e-02
-1.966000050306320190e-01,-4.580999910831451416e-01,-4.043000042438507080e-01
-1.515000034123659134e-02,-5.400000214576721191e-01,-2.824000120162963867e-01
-3.973000124096870422e-02,-5.260000228881835938e-01,3.483999893069267273e-02
-5.652000010013580322e-02,1.053000018000602722e-01,-3.649000078439712524e-02
-4.551000148057937622e-02,-2.292000055313110352e-01,-9.803000092506408691e-02
5.342999845743179321e-02,-7.149000167846679688e-01,7.045000046491622925e-02
3.140999972820281982e-01,-4.966000020503997803e-01,-1.605000048875808716e-01
2.469000034034252167e-02,-7.637000083923339844e-01,6.559999892488121986e-04
-6.751000136137008667e-02,6.678000092506408691e-01,-2.601999938488006592e-01
-7.549999654293060303e-02,7.214000225067138672e-01,-1.445000022649765015e-01
-2.198999971151351929e-01,1.636999994516372681e-01,-1.668999940156936646e-01
-1.895999908447265625e-02,-1.905999928712844849e-01,-2.486999928951263428e-01
-7.308000326156616211e-02,-8.151000142097473145e-01,2.845000028610229492e-01
-8.976999670267105103e-03,1.176000013947486877e-01,1.112999990582466125e-01
-8.299999684095382690e-02,-3.964999914169311523e-01,-5.080999732017517090e-01
5.305000022053718567e-02,-4.995999857783317566e-02,-1.562000066041946411e-01
-1.710000038146972656e-01,-7.048000097274780273e-01,-1.344999969005584717e-01
1.106000021100044250e-01,-2.754999995231628418e-01,-1.720999926328659058e-01
-4.013999924063682556e-02,8.172000050544738770e-01,-7.196000218391418457e-02
4.007999897003173828e-01,-6.765999794006347656e-01,-1.129999980330467224e-01
-4.662000015377998352e-02,6.421999931335449219e-01,-1.336999982595443726e-01
-1.641000062227249146e-01,5.320000052452087402e-01,-3.971999883651733398e-01
-3.827000036835670471e-02,-5.867999792098999023e-01,-2.376000024378299713e-02
-7.017000019550323486e-02,-9.003000259399414062e-01,3.912999927997589111e-01
-7.686000317335128784e-02,-1.361999958753585815e-01,-3.650000095367431641e-01
-1.454000025987625122e-01,5.159000158309936523e-01,-3.628999888896942139e-01
-1.409000009298324585e-01,8.234999775886535645e-01,-1.726000010967254639e-01
1.770999981090426445e-03,3.192999958992004395e-01,1.300999969244003296e-01
-1.780000030994415283e-01,8.284999728202819824e-01,-1.798000037670135498e-01
2.506000101566314697e-01,4.814000129699707031e-01,-1.220000013709068298e-01
-1.959999948740005493e-01,-3.914999961853027344e-01,-5.548999905586242676e-01
1.533000022172927856e-01,-7.127000093460083008e-01,-3.346999883651733398e-01
5.059999972581863403e-02,-7.455999851226806641e-01,-2.646999955177307129e-01
-3.776000142097473145e-01,-5.253000259399414062e-01,-2.123000025749206543e-01
-1.410000026226043701e-01,-3.964999914169311523e-01,-4.566999971866607666e-01
7.903999835252761841e-02,7.777000069618225098e-01,-3.170000016689300537e-01
-9.905999898910522461e-02,-8.374000191688537598e-01,3.330000042915344238e-01
-1.325999945402145386e-01,-7.835000157356262207e-01,-1.120999976992607117e-01
