1.851999945938587189e-02,9.733999967575073242e-01,-8.703000098466873169e-02
7.908999919891357422e-02,7.777000069618225098e-01,-3.181000053882598877e-01
1.097000017762184143e-01,1.851000040769577026e-01,-1.709000021219253540e-01
4.169000089168548584e-01,-3.274999856948852539e-01,-1.644999980926513672e-01
-1.993999928236007690e-01,-5.130000114440917969e-01,-9.227000176906585693e-02
-2.520999908447265625e-01,-4.496999979019165039e-01,-4.496000111103057861e-01
-1.625999957323074341e-01,-7.063999772071838379e-01,-2.061000019311904907e-01
1.712000072002410889e-01,-5.047000050544738770e-01,-1.589999943971633911e-01
-5.314000248908996582e-01,-4.751000106334686279e-01,-4.933999851346015930e-02
5.784000083804130554e-02,-6.488999724388122559e-01,-4.257000088691711426e-01
-2.831999957561492920e-02,8.681999891996383667e-02,-9.854000061750411987e-02
-4.149999842047691345e-02,3.251000046730041504e-01,-2.745999991893768311e-01
-3.323999941349029541e-01,4.386999905109405518e-01,-7.062000036239624023e-02
2.865999937057495117e-01,-5.277000069618225098e-01,-5.669999867677688599e-02
-5.475999787449836731e-03,-4.794999957084655762e-01,-3.959999978542327881e-01
-2.915999889373779297e-01,-7.034999728202819824e-01,1.872999966144561768e-01
-1.376000000163912773e-03,-7.677000164985656738e-01,-2.292000055313110352e-01
-1.168000046163797379e-02,6.664999723434448242e-01,-6.094000115990638733e-02
-9.906999766826629639e-02,-4.828999936580657959e-01,2.601999938488006592e-01
2.216999977827072144e-01,3.797999918460845947e-01,-1.984000056982040405e-01
2.296999990940093994e-01,-6.014999747276306152e-01,3.855000138282775879e-01
-3.626999855041503906e-01,-5.613999962806701660e-01,-1.391000021249055862e-02
2.847000062465667725e-01,-6.779999732971191406e-01,1.513999998569488525e-01
-2.259000018239021301e-02,-7.609999775886535645e-01,-1.263000071048736572e-01
-3.896999955177307129e-01,-6.668999791145324707e-01,-4.361000061035156250e-01
-4.247999936342239380e-02,3.131000101566314697e-01,-6.590999662876129150e-02
-2.278999984264373779e-01,-5.522999763488769531e-01,4.041999876499176025e-01
3.540000021457672119e-01,-5.228000283241271973e-01,-1.080000028014183044e-01
1.870000064373016357e-01,-5.648999810218811035e-01,9.446000307798385620e-02
-3.531000018119812012e-02,7.142000198364257812e-01,-1.316000074148178101e-01
-2.508999966084957123e-02,-1.492999941110610962e-01,-1.371999979019165039e-01
-9.309000335633754730e-03,-4.111000001430511475e-01,-4.670000076293945312e-01
-1.686999946832656860e-01,4.776000082492828369e-01,-3.794000148773193359e-01
2.085999995470046997e-01,-1.470000017434358597e-02,-1.819999963045120239e-01
-6.637000292539596558e-02,-5.332999825477600098e-01,-2.370000034570693970e-01
-9.275999665260314941e-02,-5.828999876976013184e-01,8.635999634861946106e-03
1.647000014781951904e-01,-7.161999940872192383e-01,-5.432000160217285156e-01
-9.714999794960021973e-02,-6.348000168800354004e-01,-1.518000066280364990e-01
-1.854999959468841553e-01,-3.043999969959259033e-01,-1.323000043630599976e-01
-4.902999848127365112e-02,8.159000277519226074e-01,-3.267000019550323486e-01
1.816000044345855713e-01,3.702999949455261230e-01,-1.465999931097030640e-01
1.665000058710575104e-02,6.593999862670898438e-01,2.126999897882342339e-03
-2.797000110149383545e-01,-4.715000092983245850e-01,-7.501000165939331055e-02
2.205000072717666626e-01,-5.393999814987182617e-01,-5.012999847531318665e-02
-2.416999936103820801e-01,-6.948999762535095215e-01,3.102000057697296143e-01
2.474999986588954926e-02,2.967999875545501709e-01,1.542000025510787964e-01
1.194000020623207092e-01,-7.114999890327453613e-01,-1.931000053882598877e-01
1.076000034809112549e-01,-4.631000012159347534e-02,-1.086999997496604919e-01
9.623999893665313721e-02,5.145999789237976074e-01,-1.030000001192092896e-01
6.446000188589096069e-02,-5.555999875068664551e-01,-2.755999863147735596e-01
2.134999930858612061e-01,-6.542999744415283203e-01,-1.213999986648559570e-01
-7.648000121116638184e-02,9.029999971389770508e-01,-1.571000069379806519e-01
1.168999969959259033e-01,-4.857000112533569336e-01,-4.982999861240386963e-01
9.472000412642955780e-03,8.324999809265136719e-01,-1.244999989867210388e-01
-1.002999991178512573e-01,-5.081999897956848145e-01,1.102999970316886902e-01
-3.197999894618988037e-01,-5.386999845504760742e-01,-5.167999863624572754e-02
-1.404999941587448120e-01,-7.311999797821044922e-01,-1.456999927759170532e-01
-2.476000040769577026e-02,-1.493999958038330078e-01,1.609999984502792358e-01
1.024999991059303284e-01,-6.931999921798706055e-01,2.226999960839748383e-02
-1.253000050783157349e-01,-6.944000124931335449e-01,2.163000032305717468e-02
-1.968999952077865601e-01,-4.821999967098236084e-01,-3.206000030040740967e-01
-3.129000067710876465e-01,4.214000105857849121e-01,-1.611000001430511475e-01
-3.751000016927719116e-02,-1.581999957561492920e-01,-3.080999851226806641e-01
3.675999864935874939e-02,-8.027999997138977051e-01,-2.093999981880187988e-01
-2.346000075340270996e-02,4.790999889373779297e-01,-6.745000183582305908e-02
-2.421000041067600250e-02,-3.941000103950500488e-01,5.228000134229660034e-02
6.315000355243682861e-02,5.859000086784362793e-01,-1.705999970436096191e-01
2.143999934196472168e-01,4.124999940395355225e-01,-1.427000015974044800e-01
1.221999973058700562e-01,-5.939999818801879883e-01,-8.434999734163284302e-02
-1.600999981164932251e-01,-6.740999817848205566e-01,-3.165999948978424072e-01
-2.168999984860420227e-02,-6.204000115394592285e-01,-1.305000036954879761e-01
-3.109999895095825195e-01,-6.341999769210815430e-01,-1.292999982833862305e-01
-3.434000164270401001e-02,1.036999970674514771e-01,-2.324000000953674316e-01
-4.214999973773956299e-01,-5.630999803543090820e-01,-7.980999536812305450e-03
-5.335000157356262207e-01,-4.997000098228454590e-01,-9.176000207662582397e-02
-1.535000056028366089e-01,-3.422999978065490723e-01,-1.611000001430511475e-01
-3.343999981880187988e-01,3.537999987602233887e-01,-1.465000063180923462e-01
2.502000033855438232e-01,-6.617000102996826172e-01,1.216000020503997803e-01
1.289000064134597778e-01,-5.322999954223632812e-01,-1.606999933719635010e-01
2.439999952912330627e-02,-7.688999772071838379e-01,-1.257999986410140991e-01
2.062000036239624023e-01,1.701000034809112549e-01,-1.636999994516372681e-01
-6.321000307798385620e-02,-7.867000102996826172e-01,-1.351000070571899414e-01
-1.921000033617019653e-01,-5.480999946594238281e-01,4.467000067234039307e-01
-1.632000058889389038e-01,5.317999720573425293e-01,-3.944999873638153076e-01
-6.802000105381011963e-02,-7.617999911308288574e-01,1.933000050485134125e-02
-2.411999925971031189e-02,-4.187999963760375977e-01,-2.902000024914741516e-02
-5.367999896407127380e-02,5.008000135421752930e-02,-1.317999958992004395e-01
3.287000115960836411e-03,-5.261999964714050293e-01,-3.048999905586242676e-01
-4.690999910235404968e-02,-5.644000172615051270e-01,3.819999983534216881e-04
-1.318999975919723511e-01,-5.695000290870666504e-01,3.195999935269355774e-02
4.913000017404556274e-02,8.432000279426574707e-01,-1.030000001192092896e-01
-2.901000082492828369e-01,-2.793999910354614258e-01,-1.009000018239021301e-01
1.902000010013580322e-01,-5.584999918937683105e-01,1.942999958992004395e-01
-8.527000248432159424e-02,-1.459999978542327881e-01,-4.760999977588653564e-01
-9.781000204384326935e-03,-4.176000058650970459e-01,2.793000042438507080e-01
8.212000131607055664e-03,-1.389999985694885254e-01,1.856999993324279785e-01
-3.102999925613403320e-02,-8.141000270843505859e-01,-3.378000110387802124e-02
-2.861000038683414459e-02,-5.892999768257141113e-01,-1.561000049114227295e-01
-2.240999937057495117e-01,-4.066999852657318115e-01,-5.817000269889831543e-01
4.442000091075897217e-01,-4.778000116348266602e-01,-2.098000049591064453e-01
-5.316000059247016907e-02,2.596000134944915771e-01,1.440999954938888550e-01
5.909999832510948181e-02,5.084999799728393555e-01,7.147999852895736694e-02
-2.328000068664550781e-01,-3.010999858379364014e-01,-1.444000005722045898e-01
-2.779999934136867523e-02,-3.555000126361846924e-01,-1.527000069618225098e-01
2.502000033855438232e-01,4.474999904632568359e-01,-1.518000066280364990e-01
-9.430000185966491699e-02,3.364999890327453613e-01,9.735000133514404297e-02
2.318000048398971558e-01,6.488000154495239258e-01,-2.144999951124191284e-01
-2.958999872207641602e-01,4.384999871253967285e-01,-1.259000003337860107e-01
-5.149999856948852539e-01,-6.366000175476074219e-01,9.273999929428100586e-02
1.412000060081481934e-01,-6.875000000000000000e-01,5.376999825239181519e-02
-8.061999827623367310e-02,-8.169000148773193359e-01,2.926999926567077637e-01
-2.235000021755695343e-02,5.658000111579895020e-01,-1.494999974966049194e-01
-2.207999974489212036e-01,-6.517999768257141113e-01,-2.495000064373016357e-01
3.036000132560729980e-01,-7.364000082015991211e-01,2.266999930143356323e-01
-1.172000020742416382e-01,-7.540000081062316895e-01,2.082999944686889648e-01
-3.027000129222869873e-01,-6.104999780654907227e-01,-1.555999964475631714e-01
1.177999973297119141e-01,-5.532000064849853516e-01,5.338000133633613586e-02
-1.223000045865774155e-02,5.289000272750854492e-01,1.368999928236007690e-01
-3.260999917984008789e-01,-3.037999868392944336e-01,-1.480000019073486328e-01
-1.537999957799911499e-01,-3.086000084877014160e-01,-1.177999973297119141e-01
-2.185000032186508179e-01,-6.638000011444091797e-01,-2.834999859333038330e-01
2.224999964237213135e-01,-3.248000144958496094e-02,-1.553999930620193481e-01
-2.791999876499176025e-01,4.158000051975250244e-01,-1.460999995470046997e-01
-1.665000021457672119e-01,-6.978999972343444824e-01,4.732999950647354126e-02
-2.494000047445297241e-01,5.889999866485595703e-01,-1.204999983310699463e-01
4.670000076293945312e-02,-4.688000082969665527e-01,-6.024000048637390137e-01
1.655000001192092896e-01,5.479999780654907227e-01,-1.837999969720840454e-01
1.546000037342309952e-02,-7.850000262260437012e-01,1.810999959707260132e-01
-2.379000037908554077e-01,-3.044999949634075165e-02,-1.330000013113021851e-01
-4.944999888539314270e-02,-1.791999936103820801e-01,-5.261999964714050293e-01
-2.938999980688095093e-02,3.355000019073486328e-01,-1.397999972105026245e-01
1.421999931335449219e-01,4.277000129222869873e-01,-1.591999977827072144e-01
-5.214999988675117493e-02,4.573999941349029541e-01,-1.588999927043914795e-01
1.974000036716461182e-01,3.652999997138977051e-01,-1.159999966621398926e-01
-1.843000054359436035e-01,-6.765999794006347656e-01,-2.067999988794326782e-01
1.112999990582466125e-01,-4.934999942779541016e-01,-3.504999876022338867e-01
1.784999966621398926e-01,-7.196999788284301758e-01,-5.138000249862670898e-01
2.188999950885772705e-01,-6.309000253677368164e-01,-9.814000129699707031e-02
2.913999855518341064e-01,-2.910000085830688477e-01,-1.648000031709671021e-01
-1.168000027537345886e-01,-7.487999796867370605e-01,-2.414000034332275391e-01
-3.298000097274780273e-01,-5.539000034332275391e-01,-2.741000056266784668e-02
-4.679999947547912598e-01,-3.131999969482421875e-01,-1.058999970555305481e-01
-6.768999993801116943e-02,4.602999985218048096e-01,-4.101999998092651367e-01
-2.590000033378601074e-01,-2.908000051975250244e-01,-1.204999983310699463e-01
-1.050999984145164490e-01,6.604999899864196777e-01,-3.612000048160552979e-01
2.325000017881393433e-01,5.371999740600585938e-01,-1.810999959707260132e-01
-2.497999928891658783e-02,1.111000031232833862e-01,-3.682000041007995605e-01
-1.626999974250793457e-01,-7.312999963760375977e-01,-1.203999966382980347e-01
-2.506999969482421875e-01,4.214000105857849121e-01,-1.424999982118606567e-01
2.886000089347362518e-02,1.576000005006790161e-01,-1.578000038862228394e-01
-1.620000042021274567e-02,1.280000060796737671e-01,-5.330999940633773804e-02
-2.815999984741210938e-01,-6.407999992370605469e-01,-1.298999935388565063e-01
1.979999989271163940e-01,-5.738000273704528809e-01,3.260999917984008789e-01
-1.387999951839447021e-01,-7.609999775886535645e-01,-1.298999935388565063e-01
-3.239000141620635986e-01,4.636999964714050293e-01,-1.756000071763992310e-01
-1.276000030338764191e-02,-3.926999866962432861e-01,1.975000053644180298e-01
-5.181000009179115295e-02,-4.178000092506408691e-01,-1.244999989867210388e-01
-4.163999855518341064e-01,-5.778999924659729004e-01,1.814999990165233612e-02
1.457999944686889648e-01,-7.049000263214111328e-01,9.957999736070632935e-02
-6.690999865531921387e-02,-1.611000001430511475e-01,1.147999987006187439e-01
-3.054999932646751404e-02,-4.677000045776367188e-01,-3.996999859809875488e-01
-2.518000006675720215e-01,-5.371000170707702637e-01,-7.909999787807464600e-02
1.468999981880187988e-01,-7.081000208854675293e-01,1.508000046014785767e-01
5.148999858647584915e-03,3.980000019073486328e-01,-1.463000029325485229e-01
-4.043000042438507080e-01,-6.231999993324279785e-01,-9.223999828100204468e-02
-3.016000054776668549e-02,3.860999941825866699e-01,-4.176999926567077637e-01
6.627000123262405396e-02,1.601999998092651367e-01,-1.381999999284744263e-01
-2.237000018358230591e-01,-6.241999864578247070e-01,-1.536000072956085205e-01
-3.669999912381172180e-02,1.149000003933906555e-01,6.580000044777989388e-04
-4.027000069618225098e-01,-6.869000196456909180e-01,-4.772999882698059082e-01
1.808999925851821899e-01,1.702000051736831665e-01,-1.554999947547912598e-01
-1.049000024795532227e-02,-7.849000096321105957e-01,-2.110999971628189087e-01
-1.509000062942504883e-01,-7.052000164985656738e-01,-1.508000046014785767e-01
-3.347000107169151306e-02,1.050999984145164490e-01,-1.277000010013580322e-01
-3.172000050544738770e-01,3.842999935150146484e-01,-1.008000001311302185e-01
-5.598000064492225647e-02,3.208000063896179199e-01,-4.099999964237213135e-01
-1.211000010371208191e-01,4.966000020503997803e-01,-3.962999880313873291e-01
-6.221000105142593384e-02,-6.391999721527099609e-01,-6.774999946355819702e-02
-4.055000096559524536e-02,-4.068000018596649170e-01,6.858000159263610840e-02
-5.948000028729438782e-02,-3.398999869823455811e-01,-1.395000070333480835e-01
-4.628999903798103333e-02,3.027999997138977051e-01,4.949999973177909851e-02
1.601999998092651367e-01,-5.630999803543090820e-01,4.280000180006027222e-02
1.590999960899353027e-01,-2.329999953508377075e-02,-1.668000072240829468e-01
-1.314000040292739868e-01,-4.964999854564666748e-01,-2.849000096321105957e-01
-1.195999979972839355e-01,8.378999829292297363e-01,-1.719000041484832764e-01
-1.149000003933906555e-01,-7.666000127792358398e-01,-1.956000030040740967e-01
1.143999993801116943e-01,5.123000144958496094e-01,-1.203999966382980347e-01
-4.625000059604644775e-02,3.325000107288360596e-01,-2.492000013589859009e-01
5.339000001549720764e-02,-7.526000142097473145e-01,-2.563999891281127930e-01
-2.230000048875808716e-01,-6.599000096321105957e-01,-4.194000065326690674e-01
6.621000170707702637e-02,-6.252999901771545410e-01,-1.019999980926513672e-01
4.664000123739242554e-02,-7.513999938964843750e-01,-5.911999940872192383e-02
-2.347999960184097290e-01,-5.447000265121459961e-01,3.641000092029571533e-01
-5.539999902248382568e-02,-8.018000125885009766e-01,-4.114000126719474792e-02
-2.187999933958053589e-01,4.260999858379364014e-01,-1.215000003576278687e-01
1.171000003814697266e-01,6.001999974250793457e-01,-1.993999928236007690e-01
2.483000047504901886e-02,3.116999864578247070e-01,1.350000053644180298e-01
-8.320999890565872192e-02,-7.091000080108642578e-01,-9.491999633610248566e-03
-2.329999953508377075e-01,-2.879000008106231689e-01,-1.184000000357627869e-01
-3.860000148415565491e-02,-5.465999841690063477e-01,1.434000022709369659e-02
1.691000014543533325e-01,-6.941999793052673340e-01,-1.845999956130981445e-01
1.033999994397163391e-01,-6.054999828338623047e-01,-9.205000102519989014e-02
-4.537000134587287903e-02,3.034000098705291748e-01,-3.756000101566314697e-01
-4.949999973177909851e-02,-8.320999741554260254e-01,-8.827000111341476440e-02
-1.398999989032745361e-01,7.788000106811523438e-01,-3.197999903932213783e-03
2.043000012636184692e-01,-7.455000281333923340e-01,-5.896999835968017578e-01
-2.834999859333038330e-01,5.911999940872192383e-01,-3.029000014066696167e-02
-8.908999711275100708e-02,5.109000205993652344e-01,-3.553999960422515869e-01
-2.189999967813491821e-01,-7.089999914169311523e-01,2.776000089943408966e-02
-5.360999703407287598e-01,-6.358000040054321289e-01,8.335000276565551758e-02
-8.490999788045883179e-02,3.003999888896942139e-01,-3.808000087738037109e-01
-2.003999985754489899e-02,2.732999920845031738e-01,1.062000021338462830e-01
2.389000058174133301e-01,-3.719000145792961121e-02,-1.401000022888183594e-01
1.612000018358230591e-01,-5.580999851226806641e-01,1.040000021457672119e-01
-2.657000124454498291e-01,5.763000249862670898e-01,-8.417999744415283203e-02
2.169000059366226196e-01,4.812999963760375977e-01,-1.459999978542327881e-01
-3.982999920845031738e-01,-6.158999800682067871e-01,1.592999994754791260e-01
1.759999990463256836e-02,3.057000041007995605e-01,-4.075999855995178223e-01
-1.777999997138977051e-01,-6.905999779701232910e-01,1.086999997496604919e-01
-2.601000014692544937e-03,-5.424000024795532227e-01,-2.849000096321105957e-01
4.160999953746795654e-01,-5.286999940872192383e-01,-4.953999817371368408e-02
2.461999952793121338e-01,4.767999947071075439e-01,-1.650999933481216431e-01
2.307000011205673218e-01,-5.218999981880187988e-01,-1.026000007987022400e-01
-7.639999687671661377e-02,9.097999930381774902e-01,-1.085999980568885803e-01
-1.511999964714050293e-01,-5.141000151634216309e-01,4.032999873161315918e-01
2.842999994754791260e-01,-3.039000034332275391e-01,-1.268000006675720215e-01
4.214000105857849121e-01,-4.934000074863433838e-01,-1.727000027894973755e-01
-9.700000286102294922e-02,1.536999940872192383e-01,-1.305000036954879761e-01
1.054000034928321838e-01,-5.044000148773193359e-01,-6.905000209808349609e-01
-3.589000180363655090e-02,-4.077999889850616455e-01,-4.679999947547912598e-01
3.878999873995780945e-02,8.259000182151794434e-01,-1.124999970197677612e-01
-2.522999942302703857e-01,-4.383000135421752930e-01,-5.084000229835510254e-01
-9.062000364065170288e-02,3.547999858856201172e-01,1.464000046253204346e-01
4.873999860137701035e-03,-4.783999919891357422e-01,-4.207000136375427246e-01
2.131000012159347534e-01,3.544999957084655762e-01,-9.572999924421310425e-02
9.867999702692031860e-02,-3.253999948501586914e-01,-1.230000033974647522e-01
1.138999983668327332e-01,-6.902999877929687500e-01,-4.309000074863433838e-01
-6.071000173687934875e-02,-4.727999866008758545e-01,1.687999963760375977e-01
-2.861999869346618652e-01,-6.252999901771545410e-01,-1.442999988794326782e-01
-2.515000104904174805e-01,-6.614000201225280762e-01,-8.579000085592269897e-02
-2.915000021457672119e-01,4.330999851226806641e-01,-1.491000056266784668e-01
3.897999972105026245e-02,-3.359999954700469971e-01,-1.550000011920928955e-01
1.940999925136566162e-02,4.433999955654144287e-01,1.327999979257583618e-01
-3.727000057697296143e-01,-6.571999788284301758e-01,-4.131000041961669922e-01
6.379999965429306030e-02,-7.260000109672546387e-01,-3.048999980092048645e-02
-1.518000066280364990e-01,-6.833999752998352051e-01,6.717000156641006470e-02
-1.384999975562095642e-02,-7.746000289916992188e-01,5.558000132441520691e-02
2.900999970734119415e-03,-3.811999857425689697e-01,1.226999983191490173e-01
3.002000041306018829e-03,1.356000006198883057e-01,-1.508000046014785767e-01
-3.111000061035156250e-01,6.042000055313110352e-01,-2.566000074148178101e-02
7.410000264644622803e-02,7.466999888420104980e-01,-1.119000017642974854e-01
-2.779000066220760345e-02,-4.126999974250793457e-01,2.362000048160552979e-01
-1.203000023961067200e-01,7.613000273704528809e-01,-2.245000004768371582e-02
-4.974000155925750732e-02,8.192999958992004395e-01,-3.055000007152557373e-01
2.560999989509582520e-01,-6.222000122070312500e-01,-9.390000253915786743e-02
-2.237000018358230591e-01,-4.907000064849853516e-01,-3.019999861717224121e-01
1.782999932765960693e-01,-5.547999739646911621e-01,-8.403000235557556152e-02
1.132000014185905457e-01,-6.736000180244445801e-01,-4.799000024795532227e-01
-2.479000017046928406e-02,-1.700000017881393433e-01,-1.368000060319900513e-01
-2.689999938011169434e-01,-7.195000052452087402e-01,3.122999966144561768e-01
-2.987000048160552979e-01,-5.591999888420104980e-01,-1.492999959737062454e-02
1.082000043243169785e-02,-3.813000023365020752e-01,1.979999989271163940e-01
3.542999923229217529e-01,-4.711999893188476562e-01,-2.038999944925308228e-01
-1.921000033617019653e-01,-5.285999774932861328e-01,3.285999894142150879e-01
7.201000303030014038e-02,-4.905999898910522461e-01,-4.769000113010406494e-01
-1.080999970436096191e-01,-7.386999726295471191e-01,1.502999961376190186e-01
-8.466000109910964966e-02,-3.833000063896179199e-01,-4.393000006675720215e-01
1.585000008344650269e-01,-6.496999859809875488e-01,7.983000017702579498e-03
-2.644000053405761719e-01,-4.562000036239624023e-01,-4.347999989986419678e-01
1.926999911665916443e-02,5.088000297546386719e-01,3.540999814867973328e-02
8.613000065088272095e-02,-7.572000026702880859e-01,-2.536999881267547607e-01
-3.088999986648559570e-01,5.630999803543090820e-01,-7.660999894142150879e-02
-6.837999820709228516e-02,-5.399000048637390137e-01,3.937000036239624023e-02
-1.142000034451484680e-01,-7.616000175476074219e-01,-2.219000011682510376e-01
-2.019999921321868896e-02,-1.720000058412551880e-01,-2.795000076293945312e-01
-8.327999711036682129e-02,-7.900000214576721191e-01,-6.429000198841094971e-02
-5.916000157594680786e-02,3.625000119209289551e-01,-4.146000146865844727e-01
-4.005999863147735596e-02,-4.884000122547149658e-01,-3.298999965190887451e-01
-2.973000109195709229e-01,-4.598000049591064453e-01,-4.329999983310699463e-01
1.582999974489212036e-01,-5.498999953269958496e-01,-1.211000010371208191e-01
3.183000162243843079e-02,5.515000224113464355e-01,1.070000007748603821e-01
-1.080999970436096191e-01,3.000999987125396729e-01,-4.234000146389007568e-01
2.897999947890639305e-03,-3.964999914169311523e-01,2.339999973773956299e-01
-3.065999969840049744e-02,5.092999935150146484e-01,1.200999990105628967e-01
-2.833000123500823975e-01,6.358000040054321289e-01,-4.216999933123588562e-02
-7.163000106811523438e-02,-4.848000109195709229e-01,1.456000059843063354e-01
2.082999944686889648e-01,-7.118999958038330078e-01,1.862999945878982544e-01
1.670999974012374878e-01,1.666000038385391235e-01,-1.348000019788742065e-01
-1.322999969124794006e-02,-1.553999930620193481e-01,2.022999972105026245e-01
-1.387999951839447021e-01,-4.973999857902526855e-01,3.481000065803527832e-01
-2.022000029683113098e-02,9.247999787330627441e-01,-1.190999969840049744e-01
-4.689000174403190613e-02,7.872999906539916992e-01,-1.362999975681304932e-01
1.845999956130981445e-01,-7.143999934196472168e-01,1.991000026464462280e-01
3.992000129073858261e-03,-1.299999952316284180e-01,9.405999630689620972e-02
-5.778999999165534973e-02,-6.342999935150146484e-01,-1.521999984979629517e-01
-3.115000128746032715e-01,-6.355000138282775879e-01,-3.165999948978424072e-01
-5.442000180482864380e-02,5.138999819755554199e-01,-3.966000080108642578e-01
-3.516000136733055115e-02,3.639999926090240479e-01,1.213999986648559570e-01
-2.975000143051147461e-01,-4.496999979019165039e-01,-4.979999959468841553e-01
-4.995000064373016357e-01,-5.928999781608581543e-01,-1.796000003814697266e-01
4.298000037670135498e-01,-4.805000126361846924e-01,-1.982000023126602173e-01
-2.310000061988830566e-01,-5.102999806404113770e-01,-1.094999983906745911e-01
-3.469000011682510376e-02,3.513000011444091797e-01,-1.500999927520751953e-01
-1.074000000953674316e-01,-5.329999923706054688e-01,6.865999847650527954e-02
-3.206999897956848145e-01,-2.967000007629394531e-01,-1.247999966144561768e-01
-1.513999998569488525e-01,-7.211999893188476562e-01,-2.052000015974044800e-01
1.589999943971633911e-01,-3.799999877810478210e-02,-1.268000006675720215e-01
-2.741000056266784668e-01,6.198999881744384766e-01,-2.022000029683113098e-02
-8.046999573707580566e-03,9.477000236511230469e-01,-9.916999936103820801e-02
-1.973000019788742065e-01,-3.973999917507171631e-01,-5.299999713897705078e-01
-7.581000030040740967e-02,-5.044000148773193359e-01,7.688000053167343140e-02
4.447999969124794006e-02,-7.659999728202819824e-01,-2.439000010490417480e-01
-5.947000160813331604e-02,-3.950999975204467773e-01,-2.872000038623809814e-01
6.015999987721443176e-02,-6.916000247001647949e-01,-3.129000067710876465e-01
-3.801000118255615234e-02,-4.688999950885772705e-01,-3.828999996185302734e-01
-2.480999939143657684e-02,-4.313000142574310303e-01,3.091999888420104980e-01
1.185000035911798477e-02,5.152999758720397949e-01,1.203000023961067200e-01
-2.383999973535537720e-01,-5.304999947547912598e-01,2.917999923229217529e-01
1.606000065803527832e-01,4.000999927520751953e-01,-1.221000030636787415e-01
-5.037000179290771484e-01,-6.412000060081481934e-01,1.054000034928321838e-01
-2.906999886035919189e-01,6.090999841690063477e-01,-1.049999967217445374e-01
5.074999928474426270e-01,-5.418000221252441406e-01,-1.054000034928321838e-01
-4.244000017642974854e-01,-3.095999956130981445e-01,-1.247999966144561768e-01
-7.336000353097915649e-02,-4.210000038146972656e-01,-5.742999911308288574e-01
8.093000203371047974e-02,-6.707000136375427246e-01,-4.169999957084655762e-01
-1.824000030755996704e-01,-6.775000095367431641e-01,-2.795000076293945312e-01
-4.977000132203102112e-02,-4.731999933719635010e-01,1.230000033974647522e-01
4.839999973773956299e-02,5.246999859809875488e-01,8.178000152111053467e-02
3.612000048160552979e-01,-4.866000115871429443e-01,-1.832000017166137695e-01
1.253000050783157349e-01,-6.556000113487243652e-01,-1.150000020861625671e-01
-2.065999954938888550e-01,-3.185000121593475342e-01,-1.784999966621398926e-01
-3.449999913573265076e-02,8.833000063896179199e-01,-1.253000050783157349e-01
-3.050999939441680908e-01,3.774999976158142090e-01,-1.260000020265579224e-01
1.871999949216842651e-01,-6.897000074386596680e-01,-1.821999996900558472e-01
-2.883000075817108154e-01,-6.617000102996826172e-01,-4.251999855041503906e-01
-2.999000065028667450e-02,-4.665000140666961670e-01,-4.165999889373779297e-01
-2.964000105857849121e-01,3.887999951839447021e-01,-1.746000051498413086e-01
-2.148000001907348633e-01,-4.043999910354614258e-01,-5.656999945640563965e-01
2.628000080585479736e-02,-7.800999879837036133e-01,-8.755999803543090820e-02
1.169000007212162018e-02,3.131000101566314697e-01,-3.892999887466430664e-01
7.960999757051467896e-02,-7.429999709129333496e-01,-2.673999965190887451e-01
-2.529999986290931702e-02,-7.814999818801879883e-01,-1.551000028848648071e-01
1.688999980688095093e-01,5.490000247955322266e-01,-2.275999933481216431e-01
-5.589000135660171509e-02,3.346000015735626221e-01,9.025000035762786865e-02
-9.228999912738800049e-02,-7.199000120162963867e-01,7.462000101804733276e-02
-3.883999884128570557e-01,-4.821000099182128906e-01,-8.184000104665756226e-02
-3.533000126481056213e-02,-7.572000026702880859e-01,8.314000070095062256e-02
3.560000061988830566e-01,-5.070999860763549805e-01,-1.518999934196472168e-01
-3.768000006675720215e-02,-4.077999889850616455e-01,-3.341000080108642578e-01
-9.212999790906906128e-02,6.639999747276306152e-01,-3.700000047683715820e-01
-2.520000040531158447e-01,-6.578000187873840332e-01,-1.014000028371810913e-01
-6.016999855637550354e-02,-4.178000092506408691e-01,-1.395000070333480835e-01
1.861999928951263428e-01,5.916000008583068848e-01,-1.975000053644180298e-01
-5.134000182151794434e-01,-6.575000286102294922e-01,1.262000054121017456e-01
-7.868999987840652466e-02,-8.198999762535095215e-01,-1.686999946832656860e-01
1.212000027298927307e-01,5.965999960899353027e-01,-1.644999980926513672e-01
2.260999977588653564e-01,3.849999904632568359e-01,-1.405999958515167236e-01
-3.064999878406524658e-01,3.477999866008758545e-01,-1.184000000357627869e-01
1.172000020742416382e-01,-5.631999969482421875e-01,-1.395999938249588013e-01
-2.102999985218048096e-01,4.009999930858612061e-01,-1.275999993085861206e-01
-7.398000359535217285e-02,-4.411000013351440430e-01,-2.930999994277954102e-01
-4.791000112891197205e-02,6.949999928474426270e-01,-1.427000015974044800e-01
6.831999868154525757e-02,5.139999985694885254e-01,-1.022000014781951904e-01
-3.110999986529350281e-02,-8.353999853134155273e-01,-7.509999722242355347e-02
-4.083999991416931152e-01,-5.745000243186950684e-01,-1.771000027656555176e-01
-6.453000009059906006e-02,-6.395000219345092773e-01,-1.326999962329864502e-01
3.064000047743320465e-02,3.149000108242034912e-01,-3.932000100612640381e-01
5.322999954223632812e-01,-5.343999862670898438e-01,-1.688999980688095093e-01
-4.244999885559082031e-01,-3.133000135421752930e-01,-1.446000039577484131e-01
-1.711000055074691772e-01,-4.715999960899353027e-01,-3.463999927043914795e-01
6.476999819278717041e-02,-5.177000164985656738e-01,-3.231999874114990234e-01
-5.984999984502792358e-02,-4.244000017642974854e-01,1.212999969720840454e-02
1.664000004529953003e-01,-4.769000113010406494e-01,-5.246999859809875488e-01
-1.604000031948089600e-01,-4.797999858856201172e-01,-3.068999946117401123e-01
-3.224999904632568359e-01,6.403999924659729004e-01,-7.742000371217727661e-02
-3.249000012874603271e-01,3.655999898910522461e-01,-1.456000059843063354e-01
-4.546000063419342041e-02,3.167000114917755127e-01,-3.490999937057495117e-01
-8.776000142097473145e-02,6.578999757766723633e-01,-3.542000055313110352e-01
-1.754000037908554077e-02,8.982999920845031738e-01,-1.489000022411346436e-01
1.999999949475750327e-04,6.823999881744384766e-01,2.234000014141201973e-03
4.369999840855598450e-02,-6.291000247001647949e-01,-5.824999883770942688e-02
2.123000025749206543e-01,-4.947000145912170410e-01,-1.552000045776367188e-01
2.782000005245208740e-01,-7.354999780654907227e-01,2.214999943971633911e-01
-7.827000319957733154e-02,5.471000075340270996e-01,-4.038000106811523438e-01
-3.055000007152557373e-01,-3.877000138163566589e-02,-1.659999936819076538e-01
1.255999952554702759e-01,1.659000068902969360e-01,-1.439999938011169434e-01
2.522999942302703857e-01,-3.977999836206436157e-02,-1.527000069618225098e-01
-2.304999977350234985e-01,-4.144999980926513672e-01,-5.709000229835510254e-01
-5.631000176072120667e-02,-4.126999974250793457e-01,-2.633000016212463379e-01
-5.357000231742858887e-01,-6.159999966621398926e-01,-1.666000038385391235e-01
-3.554999828338623047e-02,3.222999870777130127e-01,-3.635999858379364014e-01
1.395000070333480835e-01,4.007999897003173828e-01,-1.194999963045120239e-01
-3.842000067234039307e-01,-3.055999875068664551e-01,-1.401000022888183594e-01
-2.927000075578689575e-02,-4.345999956130981445e-01,-2.639000117778778076e-01
-7.785999774932861328e-02,-1.342999935150146484e-01,-3.662999868392944336e-01
1.906999945640563965e-01,4.381000101566314697e-01,-8.547999709844589233e-02
2.303999960422515869e-01,-5.856999754905700684e-01,2.973000109195709229e-01
-1.878000050783157349e-01,-4.988999962806701660e-01,-2.836000025272369385e-01
-2.992999926209449768e-02,-4.339999854564666748e-01,-4.513999819755554199e-02
-4.605999961495399475e-02,1.136000007390975952e-01,4.729999974370002747e-02
1.972000114619731903e-03,6.675000190734863281e-01,7.383000105619430542e-02
4.616999998688697815e-02,4.663000106811523438e-01,6.547000259160995483e-02
-8.602999895811080933e-02,3.603999912738800049e-01,-4.194000065326690674e-01
1.269000023603439331e-01,-5.534999966621398926e-01,6.469999998807907104e-02
-1.713000051677227020e-02,3.319999873638153076e-01,-3.614000082015991211e-01
-1.422000024467706680e-02,5.177999734878540039e-01,8.421999961137771606e-02
-3.021000027656555176e-01,4.539000093936920166e-01,-8.504000306129455566e-02
-3.434000015258789062e-01,-5.940999984741210938e-01,-1.650999933481216431e-01
1.879999935626983643e-01,-6.334000229835510254e-01,-1.006999984383583069e-01
-3.220999985933303833e-02,4.535000026226043701e-01,1.280000060796737671e-01
-2.804000079631805420e-01,-4.458999931812286377e-01,-4.875999987125396729e-01
1.475999969989061356e-02,3.014000058174133301e-01,-3.754999935626983643e-01
-1.089999973773956299e-01,7.627999782562255859e-01,-3.103999979794025421e-02
-2.890999913215637207e-01,3.810000121593475342e-01,-1.010000035166740417e-01
2.002999931573867798e-01,4.099999964237213135e-01,-1.888000071048736572e-01
4.322000145912170410e-01,-4.706999957561492920e-01,-2.125000059604644775e-01
5.237999930977821350e-02,-7.329000234603881836e-01,1.240999996662139893e-02
-3.319999948143959045e-02,3.362999856472015381e-01,1.033999994397163391e-01
-2.998999953269958496e-01,5.388000011444091797e-01,-3.078000061213970184e-02
-2.804999947547912598e-01,5.651000142097473145e-01,-8.123999834060668945e-02
6.336999684572219849e-02,-7.164000272750854492e-01,-1.297000050544738770e-01
1.825000047683715820e-01,5.850999951362609863e-01,-1.819999963045120239e-01
1.528999954462051392e-01,5.048000216484069824e-01,-1.668999940156936646e-01
-3.183000087738037109e-01,-5.741000175476074219e-01,-1.867000013589859009e-01
-2.266000024974346161e-02,3.201999962329864502e-01,-4.158999919891357422e-01
-9.611999988555908203e-02,-8.065000176429748535e-01,-1.427000015974044800e-01
-5.355000123381614685e-02,-2.159000039100646973e-01,-7.089000195264816284e-02
-6.589999794960021973e-02,-3.867000043392181396e-01,-3.192999958992004395e-01
1.699000038206577301e-02,3.510999977588653564e-01,1.237000003457069397e-01
-1.467999964952468872e-01,-4.857999980449676514e-01,-2.958999872207641602e-01
8.993999660015106201e-02,-5.320000052452087402e-01,8.305999636650085449e-02
-3.652000054717063904e-02,1.174999997019767761e-01,-1.472999993711709976e-02
-4.357000067830085754e-02,-4.241000115871429443e-01,2.691999971866607666e-01
-1.033999994397163391e-01,5.131999850273132324e-01,-3.731999993324279785e-01
-2.088999934494495392e-02,9.247000217437744141e-01,-1.655000001192092896e-01
3.014999926090240479e-01,-6.714000105857849121e-01,-1.592999994754791260e-01
1.920000016689300537e-01,-7.117000222206115723e-01,-4.104999899864196777e-01
-4.670999944210052490e-02,-2.231999933719635010e-01,-1.745000034570693970e-01
-1.066000014543533325e-01,6.644999980926513672e-01,-3.783999979496002197e-01
-1.872999966144561768e-01,5.981000065803527832e-01,-1.049000024795532227e-01
-3.181999921798706055e-01,6.229000091552734375e-01,-3.533000126481056213e-02
-2.763999998569488525e-01,6.051999926567077637e-01,-1.074000000953674316e-01
-4.614999890327453613e-01,-4.929000139236450195e-01,-8.948999643325805664e-02
-3.068999946117401123e-01,3.754999935626983643e-01,-8.403000235557556152e-02
-6.926999986171722412e-02,3.125999867916107178e-01,1.401000022888183594e-01
-2.786999940872192383e-01,-5.834000110626220703e-01,7.284999638795852661e-02
-1.361999958753585815e-01,4.609999954700469971e-01,-3.515999913215637207e-01
-2.215999923646450043e-02,-8.506000041961669922e-01,-1.623000055551528931e-01
5.065000057220458984e-02,4.954000115394592285e-01,6.047999858856201172e-02
1.470999978482723236e-02,4.490999877452850342e-01,1.180000007152557373e-01
2.500000037252902985e-02,2.998999953269958496e-01,1.409000009298324585e-01
-3.830999881029129028e-02,-4.126000106334686279e-01,-5.015000104904174805e-01
-1.409000009298324585e-01,-6.765000224113464355e-01,5.855000019073486328e-02
-1.146999970078468323e-01,-4.984000027179718018e-01,2.291000038385391235e-01
-3.585999831557273865e-02,-6.204000115394592285e-01,-1.596000045537948608e-01
-1.430999934673309326e-01,-5.680999904870986938e-02,-1.511999964714050293e-01
-1.407999992370605469e-01,-3.955000042915344238e-01,-4.573999941349029541e-01
3.459999859333038330e-01,-6.721000075340270996e-01,-1.378999948501586914e-01
-1.775999963283538818e-01,-3.262999951839447021e-01,-1.585000008344650269e-01
-2.917999923229217529e-01,-6.563000082969665527e-01,-7.383000105619430542e-02
2.172999978065490723e-01,-5.871000289916992188e-01,3.425999879837036133e-01
-1.845999956130981445e-01,-5.429999828338623047e-01,4.372999966144561768e-01
-3.377000093460083008e-01,-6.342999935150146484e-01,-9.922999888658523560e-02
-6.177999824285507202e-02,3.172000050544738770e-01,1.018999963998794556e-01
3.536000102758407593e-02,-4.638999998569488525e-01,-5.774999856948852539e-01
1.331000030040740967e-01,-6.872000098228454590e-01,4.360000044107437134e-02
3.129999935626983643e-01,-6.694999933242797852e-01,-1.404999941587448120e-01
-7.786999642848968506e-02,2.755999863147735596e-01,1.383000016212463379e-01
-4.013000056147575378e-02,-5.238000154495239258e-01,3.756999969482421875e-02
2.026000022888183594e-01,3.968999981880187988e-01,-1.045000031590461731e-01
-2.289000004529953003e-01,-5.292000174522399902e-01,2.048999965190887451e-01
2.239999920129776001e-02,-8.116000294685363770e-01,-1.472000032663345337e-01
-4.417999982833862305e-01,-5.982000231742858887e-01,-1.588999927043914795e-01
-2.328000068664550781e-01,-3.073999881744384766e-01,-1.711000055074691772e-01
1.600999981164932251e-01,-7.109000086784362793e-01,-5.637999773025512695e-01
-3.002000041306018829e-02,-4.905999824404716492e-02,-1.504999995231628418e-01
-1.765999943017959595e-01,-4.690999984741210938e-01,-3.574999868869781494e-01
-1.198999956250190735e-02,3.165999948978424072e-01,-3.632999956607818604e-01
6.673000007867813110e-02,-5.332000255584716797e-01,4.689000174403190613e-02
-6.549999862909317017e-02,-4.973999857902526855e-01,7.867000252008438110e-02
-1.304000020027160645e-01,-4.602000117301940918e-01,-3.199000060558319092e-01
1.050999984145164490e-01,-5.467000007629394531e-01,8.117000013589859009e-02
1.922000050544738770e-01,4.612999856472015381e-01,-1.550000011920928955e-01
-1.111999992281198502e-02,2.766999900341033936e-01,-4.140999913215637207e-01
-6.325999647378921509e-02,-5.275999903678894043e-01,4.794999957084655762e-02
-7.785999774932861328e-02,6.506999731063842773e-01,-2.804000079631805420e-01
-2.275999933481216431e-01,5.681999921798706055e-01,-7.457000017166137695e-02
-3.134999889880418777e-03,-8.018000125885009766e-01,-2.027000039815902710e-01
-4.724999889731407166e-02,-2.267999947071075439e-01,-9.622000157833099365e-02
1.958000063896179199e-01,3.838999867439270020e-01,-1.000000014901161194e-01
-2.824000120162963867e-01,1.587000042200088501e-01,-1.423999965190887451e-01
1.152999997138977051e-01,-5.275999903678894043e-01,1.688999980688095093e-01
-1.782000064849853516e-02,4.851000010967254639e-01,9.882000088691711426e-02
-1.985999941825866699e-01,-3.165000081062316895e-01,-1.633999943733215332e-01
2.140000015497207642e-01,4.709999859333038330e-01,-1.400000005960464478e-01
1.709000021219253540e-02,-4.659000039100646973e-01,-5.279999971389770508e-01
2.164999954402446747e-02,4.927999973297119141e-01,-1.129999980330467224e-01
1.570000052452087402e-01,-6.427000164985656738e-01,-1.068999990820884705e-01
-5.059999972581863403e-02,-4.183000028133392334e-01,-5.242000222206115723e-01
-4.562000185251235962e-02,1.123000010848045349e-01,-2.289000004529953003e-01
3.871999979019165039e-01,-6.661999821662902832e-01,-1.053000018000602722e-01
-2.205000072717666626e-01,-5.534999966621398926e-01,4.180999994277954102e-01
-3.920999914407730103e-02,-5.363000035285949707e-01,2.456000074744224548e-02
-4.658999852836132050e-03,-8.227000236511230469e-01,-1.903000026941299438e-01
-1.656000018119812012e-01,-5.218999981880187988e-01,1.928000003099441528e-01
5.830999836325645447e-02,4.117999970912933350e-01,-1.491000056266784668e-01
5.982000008225440979e-02,-6.761999726295471191e-01,-3.551000058650970459e-01
-1.449999958276748657e-01,-5.238000154495239258e-01,1.458999961614608765e-01
1.098000034689903259e-01,-4.891999959945678711e-01,-4.512999951839447021e-01
3.738999962806701660e-01,-3.082999885082244873e-01,-1.756999939680099487e-01
5.247999913990497589e-03,-1.440999954938888550e-01,1.958999931812286377e-01
-2.443999946117401123e-01,-6.506000161170959473e-01,-2.694000005722045898e-01
-3.942999988794326782e-02,-7.694000005722045898e-01,5.039000138640403748e-02
-5.333999916911125183e-02,-5.996000170707702637e-01,-1.221999973058700562e-01
-1.075000017881393433e-01,3.944999873638153076e-01,-1.322000026702880859e-01
-2.691999971866607666e-01,-3.003999888896942139e-01,-1.393000036478042603e-01
-1.697999984025955200e-01,-6.869000196456909180e-01,1.010000035166740417e-01
-3.254000097513198853e-02,5.552999973297119141e-01,-1.509000062942504883e-01
-7.142999768257141113e-02,3.183999955654144287e-01,-3.537000119686126709e-01
2.041999995708465576e-01,-7.232999801635742188e-01,-4.941000044345855713e-01
-6.796000152826309204e-02,6.628000140190124512e-01,-2.443999946117401123e-01
-2.764999866485595703e-01,3.837999999523162842e-01,-1.741999983787536621e-01
6.818000227212905884e-02,-3.440000116825103760e-01,-1.168999969959259033e-01
9.467999637126922607e-02,-4.875999987125396729e-01,-4.878000020980834961e-01
-1.689999997615814209e-01,-4.587999880313873291e-01,-3.700000047683715820e-01
-3.677999973297119141e-01,-3.025999963283538818e-01,-1.397999972105026245e-01
1.284999996423721313e-01,7.563999891281127930e-01,-9.601999819278717041e-02
1.772000081837177277e-02,-7.635999917984008789e-01,9.906999766826629639e-02
-1.499000042676925659e-01,-6.758999824523925781e-01,-3.215999901294708252e-01
6.010000109672546387e-01,-5.626000165939331055e-01,-1.573999971151351929e-01
-1.255999952554702759e-01,5.550000071525573730e-01,-3.856999874114990234e-01
-3.422000110149383545e-01,-6.381000280380249023e-01,-8.287999778985977173e-02
8.918000012636184692e-02,5.184999704360961914e-01,-1.394000053405761719e-01
-8.753000199794769287e-02,-8.191000223159790039e-01,-8.649999648332595825e-02
6.887999922037124634e-02,-3.384999930858612061e-02,-1.607999950647354126e-01
1.365000009536743164e-02,6.503000259399414062e-01,5.239000171422958374e-02
-2.457999996840953827e-02,-4.133999943733215332e-01,-1.905000023543834686e-02
9.860000573098659515e-04,-4.984000027179718018e-01,-3.341999948024749756e-01
-1.107999980449676514e-01,-4.977000057697296143e-01,2.185000032186508179e-01
-6.622000038623809814e-02,5.626999735832214355e-01,-1.354999989271163940e-01
2.631999924778938293e-02,-6.620000004768371582e-01,-3.231999874114990234e-01
1.806000024080276489e-01,-5.638999938964843750e-01,7.992000132799148560e-02
-1.582999974489212036e-01,-3.928999900817871094e-01,-4.866999983787536621e-01
2.245000004768371582e-01,6.058999896049499512e-01,-1.368999928236007690e-01
1.688999980688095093e-01,1.723999977111816406e-01,-1.579000055789947510e-01
1.739999949932098389e-01,6.036000251770019531e-01,-2.477999925613403320e-01
-8.372999727725982666e-02,3.309000134468078613e-01,8.270999789237976074e-02
-8.549000322818756104e-02,2.874999940395355225e-01,-3.910999894142150879e-01
-5.688000097870826721e-02,-4.079000055789947510e-01,1.462000012397766113e-01
-3.084999918937683105e-01,3.894000053405761719e-01,-1.787000000476837158e-01
2.969999909400939941e-01,-5.225999951362609863e-01,-9.826000034809112549e-02
9.121000021696090698e-02,-5.023000240325927734e-01,-3.377999961376190186e-01
-1.589999943971633911e-01,-6.775000095367431641e-01,-1.586000025272369385e-01
-6.625999808311462402e-01,-5.447000265121459961e-01,-9.052000194787979126e-02
2.658999860286712646e-01,-5.235999822616577148e-01,-9.322000294923782349e-02
-3.677000105381011963e-01,-4.957999885082244873e-01,-1.024999991059303284e-01
2.335000038146972656e-01,3.819000124931335449e-01,-9.679000079631805420e-02
1.171000003814697266e-01,-7.088000178337097168e-01,-3.143000006675720215e-01
3.446000069379806519e-02,-7.434999942779541016e-01,3.141999989748001099e-02
-2.013999968767166138e-01,-5.796999931335449219e-01,-5.009000003337860107e-02
8.494000136852264404e-02,-6.873999834060668945e-01,-3.767000138759613037e-01
1.675999909639358521e-02,-7.788000106811523438e-01,-1.260000020265579224e-01
-6.791000068187713623e-02,-4.111999869346618652e-01,-5.345000028610229492e-01
-3.257999941706657410e-02,2.813999950885772705e-01,-3.614000082015991211e-01
-2.517000138759613037e-01,-4.165999963879585266e-02,-1.777999997138977051e-01
-8.197000250220298767e-03,-5.537999868392944336e-01,-2.702000141143798828e-01
-4.429000020027160645e-01,-5.892999768257141113e-01,3.584000095725059509e-02
4.197999835014343262e-02,7.397000193595886230e-01,-1.218999996781349182e-01
6.140999868512153625e-02,4.557999968528747559e-01,8.293999731540679932e-02
1.208000034093856812e-01,-7.041000127792358398e-01,-3.731000125408172607e-01
-3.546999990940093994e-01,-6.467999815940856934e-01,-3.887999951839447021e-01
1.351000070571899414e-01,-5.515999794006347656e-01,1.046999990940093994e-01
1.570000052452087402e-01,-7.069000005722045898e-01,-4.147999882698059082e-01
-2.192000001668930054e-01,-5.816000103950500488e-01,5.559999868273735046e-02
-2.885999977588653564e-01,-4.379999935626983643e-01,-6.629999876022338867e-01
-3.167000114917755127e-01,3.935999870300292969e-01,-1.055999994277954102e-01
1.613000035285949707e-01,-7.009999752044677734e-01,-4.666999876499176025e-01
-4.580000042915344238e-01,-5.827999711036682129e-01,2.869999967515468597e-02
-4.092999920248985291e-02,2.574000060558319092e-01,-1.274999976158142090e-01
-6.221000105142593384e-02,-1.477999985218048096e-01,-4.167000055313110352e-01
-2.897000014781951904e-01,-6.611999869346618652e-01,-4.357999861240386963e-01
1.338999951258301735e-03,2.980000078678131104e-01,-3.978999853134155273e-01
1.306000053882598877e-01,-5.885000228881835938e-01,-8.692999929189682007e-02
1.571999937295913696e-01,-7.120000123977661133e-01,1.923000067472457886e-01
-1.856999993324279785e-01,-7.006999850273132324e-01,5.271000042557716370e-02
-2.141000032424926758e-01,-5.823000073432922363e-01,1.054000016301870346e-02
-4.534000158309936523e-02,-4.023000001907348633e-01,-3.560000061988830566e-01
7.254000008106231689e-02,4.548999965190887451e-01,9.017000347375869751e-02
-4.869999829679727554e-03,-1.377999931573867798e-01,1.459999978542327881e-01
1.894000023603439331e-01,-7.401000261306762695e-01,-6.092000007629394531e-01
-4.503000155091285706e-02,-4.902000129222869873e-01,-1.177000030875205994e-01
-3.418999910354614258e-01,-5.249999761581420898e-01,-1.970999985933303833e-01
1.718000024557113647e-01,6.391000151634216309e-01,-2.090000063180923462e-01
-7.613000273704528809e-02,5.738000273704528809e-01,-1.287000030279159546e-01
6.520000100135803223e-02,-6.552000045776367188e-01,-4.226000010967254639e-01
-3.288000077009201050e-02,6.105999946594238281e-01,-1.432999968528747559e-01
-2.854000031948089600e-01,4.332000017166137695e-01,-2.061000019311904907e-01
4.490000009536743164e-01,-4.912999868392944336e-01,-1.858000010251998901e-01
-4.975000023841857910e-02,5.145000219345092773e-01,-3.661000132560729980e-01
1.940000057220458984e-01,4.598999917507171631e-01,-1.692000031471252441e-01
-1.312999986112117767e-02,-6.417999863624572754e-01,-1.713999956846237183e-01
1.887000054121017456e-01,1.675000041723251343e-01,-1.497000008821487427e-01
1.515000015497207642e-01,-3.714999929070472717e-02,-1.350000053644180298e-01
-1.813000068068504333e-02,-8.287000060081481934e-01,2.849999964237213135e-01
-1.167000010609626770e-01,-4.918999969959259033e-01,2.606000006198883057e-01
2.310999929904937744e-01,1.571000069379806519e-01,-1.581999957561492920e-01
3.046000003814697266e-02,5.446000099182128906e-01,8.327999711036682129e-02
2.145999968051910400e-01,-6.427000164985656738e-01,-1.119000017642974854e-01
-2.466000057756900787e-02,3.815000057220458984e-01,-1.477999985218048096e-01
-4.698000103235244751e-02,6.234999895095825195e-01,-1.466999948024749756e-01
-2.649999856948852539e-01,-4.399000108242034912e-01,-5.245000123977661133e-01
-3.372000157833099365e-02,-8.244000077247619629e-01,2.790000140666961670e-01
-9.089999948628246784e-04,2.906000018119812012e-01,-3.847999870777130127e-01
8.354000002145767212e-02,-5.175999999046325684e-01,1.173999980092048645e-01
3.006000071763992310e-02,4.384999871253967285e-01,1.077999994158744812e-01
8.940000087022781372e-02,-2.040000073611736298e-02,-1.625999957323074341e-01
5.307000130414962769e-02,-5.417000129818916321e-02,-1.500000059604644775e-01
-1.354999989271163940e-01,-6.805999875068664551e-01,3.589000180363655090e-02
-5.649999901652336121e-02,-4.182000085711479187e-02,-1.393000036478042603e-01
-4.380000010132789612e-02,7.885000109672546387e-01,-1.480000019073486328e-01
-8.799999952316284180e-02,3.355999886989593506e-01,-4.388000071048736572e-01
-2.301000058650970459e-02,3.102000057697296143e-01,-3.817999958992004395e-01
1.350999996066093445e-02,3.068000078201293945e-01,-3.964000046253204346e-01
-4.504999890923500061e-02,-1.562999933958053589e-01,5.248000100255012512e-02
-3.159999847412109375e-02,-4.002999961376190186e-01,5.262999981641769409e-02
-4.862999916076660156e-02,1.203999966382980347e-01,-3.251999914646148682e-01
5.822000093758106232e-03,-4.772999882698059082e-01,-4.302000105381011963e-01
6.105000153183937073e-02,5.927000045776367188e-01,-1.641999930143356323e-01
-2.483000010251998901e-01,5.911999940872192383e-01,-8.338999748229980469e-02
-1.387999951839447021e-01,1.577000021934509277e-01,-1.577000021934509277e-01
1.728000044822692871e-01,-5.317000150680541992e-01,-1.288000047206878662e-01
-1.376000046730041504e-01,-7.221000194549560547e-01,-2.579999864101409912e-01
-1.509999930858612061e-01,5.170000195503234863e-01,-3.675999939441680908e-01
-2.752000093460083008e-01,-6.597999930381774902e-01,-7.309000194072723389e-02
-1.962999999523162842e-02,-4.785999953746795654e-01,-3.684000074863433838e-01
-7.744000107049942017e-02,2.725999951362609863e-01,-3.842000067234039307e-01
-3.017999976873397827e-02,1.006999984383583069e-01,1.393000036478042603e-01
-2.727000117301940918e-01,6.292999982833862305e-01,-7.545000314712524414e-02
1.831000000238418579e-01,5.766000151634216309e-01,-1.777999997138977051e-01
-7.923000305891036987e-02,5.001999735832214355e-01,-3.648999929428100586e-01
-5.863999947905540466e-02,-4.801999926567077637e-01,-1.483000069856643677e-01
-1.606000065803527832e-01,-6.087999939918518066e-01,-3.234000131487846375e-02
2.048999965190887451e-01,4.487000107765197754e-01,-1.727000027894973755e-01
7.299999892711639404e-02,5.302000045776367188e-01,-1.571000069379806519e-01
-1.488000005483627319e-01,-6.571999788284301758e-01,1.345999985933303833e-01
-6.543999910354614258e-02,-4.181999862194061279e-01,-5.505999922752380371e-01
1.943999975919723511e-01,5.392000079154968262e-01,-2.157000005245208740e-01
3.959999885410070419e-04,9.589999914169311523e-01,-1.808999925851821899e-01
2.196000069379806519e-01,5.357999801635742188e-01,-1.840000003576278687e-01
-3.104999959468841553e-01,5.602999925613403320e-01,-1.212999969720840454e-01
-3.366999924182891846e-01,-2.930000126361846924e-01,-1.182999983429908752e-01
2.218000032007694244e-02,-5.024999976158142090e-01,-3.382999897003173828e-01
-1.711000055074691772e-01,-6.039999723434448242e-01,-1.675000041723251343e-02
-2.617999911308288574e-02,7.630000114440917969e-01,-1.577000021934509277e-01
-4.795999825000762939e-02,3.657000064849853516e-01,1.076000034809112549e-01
-2.133000083267688751e-02,3.447999954223632812e-01,-3.905999958515167236e-01
9.329000115394592285e-02,-6.061999797821044922e-01,-1.075000017881393433e-01
5.609000101685523987e-02,4.555000066757202148e-01,1.317999958992004395e-01
-3.077000081539154053e-01,4.832000136375427246e-01,-1.105000004172325134e-01
-2.064999938011169434e-01,-5.744000077247619629e-01,-5.525000020861625671e-02
2.284999936819076538e-01,5.432999730110168457e-01,-1.717000007629394531e-01
-1.951999962329864502e-01,-5.781999826431274414e-01,-6.507000327110290527e-02
3.545999899506568909e-02,-7.307999730110168457e-01,-2.702000141143798828e-01
4.384999871253967285e-01,-4.812000095844268799e-01,-1.964000016450881958e-01
-1.246000006794929504e-01,4.690000116825103760e-01,-3.415000140666961670e-01
3.523999825119972229e-02,-5.515000224113464355e-01,-2.843999862670898438e-01
-9.051000326871871948e-02,4.489000141620635986e-01,-4.002000093460083008e-01
-2.724000066518783569e-02,-1.010000035166740417e-01,-1.482000052928924561e-01
-2.899000048637390137e-01,-5.031999945640563965e-01,-1.212999969720840454e-01
-3.567000031471252441e-01,-4.754000157117843628e-02,-1.393000036478042603e-01
-5.540999770164489746e-01,-5.225999951362609863e-01,-1.195999979972839355e-01
-9.730999916791915894e-02,5.109999775886535645e-01,-3.524000048637390137e-01
-5.502000078558921814e-02,5.083000063896179199e-01,-3.698000013828277588e-01
-1.342999935150146484e-01,5.867000222206115723e-01,-1.066000014543533325e-01
-1.120000034570693970e-01,4.605999886989593506e-01,-3.734000027179718018e-01
-6.030999869108200073e-02,-4.334000051021575928e-01,-1.395999938249588013e-01
2.286999970674514771e-01,4.774999916553497314e-01,-1.336999982595443726e-01
-9.628000110387802124e-02,-4.797999858856201172e-01,2.678000032901763916e-01
-1.902000047266483307e-02,-8.418999910354614258e-01,-1.442999988794326782e-01
-2.004999965429306030e-01,5.724999904632568359e-01,-9.588000178337097168e-02
-9.570000320672988892e-02,-4.726000130176544189e-01,3.064000010490417480e-01
-4.178999960422515869e-01,-6.051999926567077637e-01,-1.449999958276748657e-01
-9.534999728202819824e-03,-7.777000069618225098e-01,1.471000015735626221e-01
-1.071000024676322937e-01,-5.919000133872032166e-02,-1.314000040292739868e-01
4.936999976634979248e-01,-5.343000292778015137e-01,-1.348000019788742065e-01
-1.911000013351440430e-01,-4.611000120639801025e-01,-3.842999935150146484e-01
-6.757999956607818604e-02,-5.407999753952026367e-01,-2.331999987363815308e-01
-3.813999891281127930e-01,-5.837000012397766113e-01,-1.652999967336654663e-01
-2.824999988079071045e-01,4.426999986171722412e-01,-1.787000000476837158e-01
-2.926999926567077637e-01,-4.902999997138977051e-01,-1.018000021576881409e-01
-3.161000013351440430e-01,3.885999917984008789e-01,-1.371999979019165039e-01
8.822999894618988037e-02,-4.954000115394592285e-01,-6.715000271797180176e-01
-4.004000127315521240e-02,-4.043000042438507080e-01,7.842999696731567383e-02
-2.146999984979629517e-01,-5.630000233650207520e-01,4.672999978065490723e-01
2.392999976873397827e-01,-6.590999960899353027e-01,-1.321000009775161743e-01
1.269000023603439331e-01,-6.958000063896179199e-01,-4.456999897956848145e-01
-2.686000056564807892e-02,-4.699999988079071045e-01,-4.068999886512756348e-01
1.329999940935522318e-04,3.497000038623809814e-01,-3.752000033855438232e-01
1.640000045299530029e-01,-6.507999897003173828e-01,1.413000002503395081e-02
-2.583999931812286377e-02,-5.769000053405761719e-01,-2.365999966859817505e-01
1.964000053703784943e-02,-3.504999876022338867e-01,-1.491000056266784668e-01
-3.115999996662139893e-01,-6.538000106811523438e-01,-3.885999917984008789e-01
-1.356000006198883057e-01,-6.184999942779541016e-01,-5.654000118374824524e-02
1.171000003814697266e-01,4.151999950408935547e-01,-1.527000069618225098e-01
-4.634999856352806091e-02,2.930000126361846924e-01,-4.361000061035156250e-01
-5.253999829292297363e-01,-4.921000003814697266e-01,-8.348999917507171631e-02
-1.155999973416328430e-01,-6.557000279426574707e-01,6.724999845027923584e-02
-3.324000164866447449e-02,3.553000092506408691e-01,1.085999980568885803e-01
1.564999967813491821e-01,-7.087000012397766113e-01,-5.414000153541564941e-01
3.418000042438507080e-02,-4.675999879837036133e-01,-6.161999702453613281e-01
-3.443999886512756348e-01,-5.109999775886535645e-01,-1.275999993085861206e-01
1.447000056505203247e-01,-6.592000126838684082e-01,7.495000027120113373e-03
-4.067999869585037231e-02,-5.005000233650207520e-01,-3.163999915122985840e-01
5.742999911308288574e-02,-7.275999784469604492e-01,9.068000130355358124e-03
-2.434000000357627869e-02,3.503000140190124512e-01,-3.736000061035156250e-01
-3.528999909758567810e-02,-4.557000100612640381e-01,-7.314000278711318970e-02
1.316999942064285278e-01,-7.095000147819519043e-01,-3.519000113010406494e-01
-2.797000110149383545e-01,-7.067999839782714844e-01,1.395999938249588013e-01
1.156999990344047546e-01,-5.076000094413757324e-01,-6.934000253677368164e-01
6.051999982446432114e-03,-7.730000019073486328e-01,1.314000040292739868e-01
-2.019000053405761719e-01,-4.126000106334686279e-01,-4.993000030517578125e-01
2.662000060081481934e-01,-6.711999773979187012e-01,-1.800999939441680908e-01
-1.271000057458877563e-01,5.533000230789184570e-01,-3.682000041007995605e-01
1.167000010609626770e-01,-5.207999944686889648e-01,1.966000050306320190e-01
-3.102999925613403320e-01,3.914999961853027344e-01,-9.824000298976898193e-02
1.887000054121017456e-01,-6.815000176429748535e-01,-1.594000011682510376e-01
6.041999906301498413e-02,-4.814000129699707031e-01,-6.517000198364257812e-01
-1.123000010848045349e-01,-6.233999729156494141e-01,-9.790000319480895996e-02
-4.569999873638153076e-01,-6.434999704360961914e-01,1.641000062227249146e-01
2.169999927282333374e-01,-5.116999745368957520e-01,-1.283999979496002197e-01
4.005999863147735596e-01,-5.210999846458435059e-01,-1.006999984383583069e-01
-5.321000143885612488e-02,-4.000999927520751953e-01,-4.102999866008758545e-01
-1.570000052452087402e-01,4.638999998569488525e-01,-3.668000102043151855e-01
-7.015000283718109131e-02,-7.365000247955322266e-01,6.817000359296798706e-02
-2.506999969482421875e-01,3.894000053405761719e-01,-1.312000006437301636e-01
2.002999931573867798e-01,-5.284000039100646973e-01,-1.124000027775764465e-01
-2.879999876022338867e-01,4.259000122547149658e-01,-1.944999992847442627e-01
1.814000010490417480e-01,4.564999938011169434e-01,-1.354999989271163940e-01
-2.172999978065490723e-01,7.486000061035156250e-01,-1.723999977111816406e-01
1.953999996185302734e-01,4.239000082015991211e-01,-9.386999905109405518e-02
-1.625999994575977325e-02,3.034000098705291748e-01,-4.156999886035919189e-01
-4.994999989867210388e-02,-4.587999880313873291e-01,-6.024000048637390137e-02
5.230000019073486328e-01,-5.261999964714050293e-01,-1.739999949932098389e-01
2.266000062227249146e-01,3.697000145912170410e-01,-1.333999931812286377e-01
2.174000069499015808e-02,4.424000084400177002e-01,1.106999963521957397e-01
-6.795000284910202026e-02,-1.504999995231628418e-01,-2.509999871253967285e-01
-2.978999912738800049e-01,-4.810000061988830566e-01,-8.726000040769577026e-02
-2.173000015318393707e-02,-4.905999898910522461e-01,-1.442999988794326782e-01
-1.512999981641769409e-01,-4.339999854564666748e-01,-3.977000117301940918e-01
5.413000006228685379e-03,3.887000083923339844e-01,-1.489000022411346436e-01
-1.639000028371810913e-01,-4.261000081896781921e-02,-1.469999998807907104e-01
-1.834000051021575928e-01,-7.172999978065490723e-01,-1.070000007748603821e-01
-3.610000014305114746e-01,-6.262999773025512695e-01,-1.068999990820884705e-01
2.006999999284744263e-01,-5.170999765396118164e-01,-1.247000023722648621e-01
-5.211000144481658936e-02,-1.852000057697296143e-01,-2.225999981164932251e-01
-6.266999989748001099e-02,-7.928000092506408691e-01,-3.271000087261199951e-02
-2.903999984264373779e-01,3.880000114440917969e-01,-1.613000035285949707e-01
9.965000301599502563e-02,-5.325999855995178223e-01,1.067000031471252441e-01
-3.064000010490417480e-01,4.503000080585479736e-01,-9.335999935865402222e-02
-2.159000039100646973e-01,-5.386999845504760742e-01,-1.278000026941299438e-01
-1.670999974012374878e-01,-5.267999768257141113e-01,-2.637000083923339844e-01
-1.186000034213066101e-01,-4.638999998569488525e-01,-2.960000038146972656e-01
-1.951999962329864502e-01,-5.457999706268310547e-01,-1.207000017166137695e-01
8.229999803006649017e-04,-4.612999856472015381e-01,-5.184000134468078613e-01
-2.797000110149383545e-01,-6.636000275611877441e-01,-4.040000140666961670e-01
1.772999949753284454e-02,7.843000292778015137e-01,-2.432000041007995605e-01
6.808000057935714722e-02,-3.190000057220458984e-01,-1.551000028848648071e-01
-8.872000128030776978e-02,-5.622000098228454590e-01,3.082999959588050842e-02
1.826000064611434937e-01,4.135999977588653564e-01,-1.509999930858612061e-01
8.918999880552291870e-02,-4.957000017166137695e-01,-3.734999895095825195e-01
-1.976999938488006592e-01,-4.648999869823455811e-01,-3.810999989509582520e-01
-6.102000176906585693e-02,-1.642999947071075439e-01,1.776999980211257935e-01
-3.190000057220458984e-01,4.767000079154968262e-01,-1.173999980092048645e-01
1.398999989032745361e-02,-8.012999892234802246e-01,-1.337999999523162842e-01
-5.965000018477439880e-02,-3.962000012397766113e-01,-4.165999889373779297e-01
-9.342999756336212158e-02,-4.765999913215637207e-01,2.757999897003173828e-01
-2.779000103473663330e-01,-5.333999991416931152e-01,-1.920000016689300537e-01
-1.851000040769577026e-01,-4.548999965190887451e-01,-3.984999954700469971e-01
6.103000044822692871e-02,-3.409999907016754150e-01,-1.362999975681304932e-01
-9.839999675750732422e-02,3.052000105381011963e-01,9.696999937295913696e-02
2.339999973773956299e-01,3.729999959468841553e-01,-1.189000010490417480e-01
-6.262999773025512695e-02,2.612999975681304932e-01,-4.081999957561492920e-01
1.850000023841857910e-01,-4.855000078678131104e-01,-1.653999984264373779e-01
-1.030000001192092896e-01,-8.048999905586242676e-01,-7.469999790191650391e-02
-8.190999925136566162e-02,9.338999986648559570e-01,-7.129999995231628418e-02
-5.483999848365783691e-02,1.015999987721443176e-01,-1.439999938011169434e-01
-3.599999845027923584e-02,-5.217000246047973633e-01,-1.200999990105628967e-01
3.077999949455261230e-01,-6.378999948501586914e-01,-9.595999866724014282e-02
-4.047999978065490723e-01,-5.036000013351440430e-01,-1.105000004172325134e-01
1.392000019550323486e-01,3.928000032901763916e-01,-1.318999975919723511e-01
-2.319000065326690674e-01,-5.407999753952026367e-01,-1.412000060081481934e-01
9.170999750494956970e-03,-8.113999962806701660e-01,-8.759000152349472046e-02
-2.451999932527542114e-01,-5.468000173568725586e-01,-1.755000054836273193e-01
-1.700000017881393433e-01,-6.815000176429748535e-01,-1.447000056505203247e-01
-1.807000041007995605e-01,-5.953999757766723633e-01,-4.492000117897987366e-02
2.658999860286712646e-01,-6.657000184059143066e-01,-1.594000011682510376e-01
1.868000021204352379e-03,-7.450000047683715820e-01,-2.446999996900558472e-01
-2.247999887913465500e-03,-4.241999983787536621e-01,-3.023999929428100586e-01
-1.826999932527542114e-01,-6.733999848365783691e-01,-2.371000051498413086e-01
-3.885999917984008789e-01,-5.124999880790710449e-01,-1.298000067472457886e-01
1.442999988794326782e-01,-6.873999834060668945e-01,-1.510999947786331177e-01
2.485000044107437134e-01,-2.776000089943408966e-02,-1.715999990701675415e-01
2.143999934196472168e-02,3.510000109672546387e-01,1.291999965906143188e-01
3.296999931335449219e-01,-5.174999833106994629e-01,-1.288000047206878662e-01
3.698999881744384766e-01,-4.930999875068664551e-01,-1.743000000715255737e-01
-6.004000082612037659e-02,2.599999904632568359e-01,1.465000063180923462e-01
-3.835000097751617432e-01,-4.672999978065490723e-01,-6.171000003814697266e-02
1.127000004053115845e-01,-6.564999818801879883e-01,-2.425000071525573730e-02
1.592000015079975128e-02,-7.292000055313110352e-01,-2.628999948501586914e-01
2.267999947071075439e-01,4.223000109195709229e-01,-2.032999992370605469e-01
-6.537000089883804321e-02,-4.280999898910522461e-01,7.503999862819910049e-03
-2.311999946832656860e-01,-6.669999957084655762e-01,-3.116999864578247070e-01
8.523000404238700867e-03,-6.912999749183654785e-01,-2.840000092983245850e-01
4.698999971151351929e-02,5.001999735832214355e-01,5.916000157594680786e-02
-6.665000319480895996e-02,-1.598999947309494019e-01,-2.413000017404556274e-01
3.713000100106000900e-03,-3.903999924659729004e-01,2.143000066280364990e-01
-8.009000122547149658e-02,-3.856999874114990234e-01,-4.634999930858612061e-01
-7.114999927580356598e-03,1.225000023841857910e-01,-1.454000025987625122e-01
-3.628000020980834961e-01,-4.873999953269958496e-01,-9.036999940872192383e-02
-2.624999918043613434e-02,2.623000144958496094e-01,-4.201999902725219727e-01
-2.978000044822692871e-02,2.849000096321105957e-01,1.028999984264373779e-01
-3.965000063180923462e-02,3.447000086307525635e-01,-4.045999944210052490e-01
-1.195999979972839355e-01,-6.962999701499938965e-02,-1.499000042676925659e-01
1.255999952554702759e-01,-7.041000127792358398e-01,8.365999907255172729e-02
-5.604000091552734375e-01,-5.277000069618225098e-01,-1.240999996662139893e-01
-2.746999859809875488e-01,5.661000013351440430e-01,-8.162999898195266724e-02
-5.517999827861785889e-02,3.574000000953674316e-01,7.261999696493148804e-02
-7.327999919652938843e-02,-1.738000065088272095e-01,7.114000152796506882e-03
-3.005000054836273193e-01,6.161000132560729980e-01,-1.133000031113624573e-01
-6.823000311851501465e-02,3.246000111103057861e-01,-3.741999864578247070e-01
-2.734000049531459808e-02,-7.763000130653381348e-01,1.477999985218048096e-01
1.033999994397163391e-01,-4.939000010490417480e-01,-6.276000142097473145e-01
2.137999981641769409e-01,-6.844000220298767090e-01,-1.915999948978424072e-01
-7.576999813318252563e-02,-4.011999964714050293e-01,-5.098000168800354004e-01
-2.912999987602233887e-01,-6.398000121116638184e-01,-1.204999983310699463e-01
1.761000007390975952e-01,-6.248999834060668945e-01,-9.098999947309494019e-02
2.084999978542327881e-01,-7.190999984741210938e-01,-4.779999852180480957e-01
8.983000367879867554e-02,7.483999729156494141e-01,-1.181999966502189636e-01
3.916999995708465576e-01,-6.761999726295471191e-01,-1.204999983310699463e-01
-4.634999856352806091e-02,1.167000010609626770e-01,-2.324000000953674316e-01
8.703000098466873169e-02,-6.585999727249145508e-01,-4.697999954223632812e-01
-2.136999927461147308e-02,-8.073999881744384766e-01,-1.500999927520751953e-01
1.664000004529953003e-01,-7.106999754905700684e-01,-5.027999877929687500e-01
1.800999939441680908e-01,5.921999812126159668e-01,-1.580000072717666626e-01
5.519999861717224121e-01,-5.511000156402587891e-01,-1.493999958038330078e-01
-2.343000024557113647e-01,-6.868000030517578125e-01,2.603000104427337646e-01
-2.968000061810016632e-02,3.610999882221221924e-01,-3.754000067710876465e-01
-2.292999997735023499e-02,-4.147999882698059082e-01,-2.414000034332275391e-02
1.190000027418136597e-01,-6.740999817848205566e-01,-5.364999771118164062e-01
1.534000039100646973e-02,-5.814999938011169434e-01,-2.460000067949295044e-01
-4.986999928951263428e-02,4.720000028610229492e-01,-1.904000043869018555e-01
-2.576000094413757324e-01,-6.536999940872192383e-01,-2.964999973773956299e-01
8.873999863862991333e-02,-5.562999844551086426e-01,3.505000099539756775e-02
-8.421000093221664429e-02,-5.238999724388122559e-01,6.496000289916992188e-02
-4.544999822974205017e-02,2.691999971866607666e-01,-3.962000012397766113e-01
-3.084999918937683105e-01,6.183000206947326660e-01,-3.424999862909317017e-02
-2.242000028491020203e-02,5.041999816894531250e-01,9.770999848842620850e-02
-8.286999911069869995e-02,9.539999961853027344e-01,-6.584999710321426392e-02
-1.633999943733215332e-01,-3.874999880790710449e-01,-4.990000128746032715e-01
-1.916999965906143188e-01,-7.063000202178955078e-01,3.149000182747840881e-02
2.841999940574169159e-02,-7.674999833106994629e-01,-1.572999916970729828e-02
1.600999981164932251e-01,1.808000057935714722e-01,-1.686999946832656860e-01
-5.336999893188476562e-02,1.298999935388565063e-01,-2.552999854087829590e-01
-1.940000057220458984e-02,9.211999773979187012e-01,-1.564999967813491821e-01
-8.071999996900558472e-02,-4.108000099658966064e-01,1.772000044584274292e-01
-3.050999939441680908e-01,-4.510000050067901611e-01,-4.722000062465667725e-01
-3.650999814271926880e-02,-6.880000233650207520e-01,-1.182999983429908752e-01
-3.387000039219856262e-02,-2.148000001907348633e-01,-1.554999947547912598e-01
-5.319999903440475464e-02,1.172000020742416382e-01,-1.322000026702880859e-01
-3.716000169515609741e-02,-7.756000161170959473e-01,1.396999955177307129e-01
7.328999787569046021e-02,-5.023999810218811035e-01,1.460999995470046997e-01
1.388999968767166138e-01,-6.887999773025512695e-01,-1.515000015497207642e-01
-1.270000040531158447e-01,-4.912999868392944336e-01,3.064999878406524658e-01
-2.483000010251998901e-01,-4.551999866962432861e-01,-4.255999922752380371e-01
-4.916000068187713623e-01,-3.253999948501586914e-01,-1.171000003814697266e-01
7.337000221014022827e-02,-7.121000289916992188e-01,7.348000258207321167e-02
-1.961999982595443726e-01,-7.002999782562255859e-01,8.382999897003173828e-02
2.876000106334686279e-01,-6.942999958992004395e-01,1.704999953508377075e-01
1.413999944925308228e-01,-4.821000099182128906e-01,-4.930000007152557373e-01
-2.683000080287456512e-02,3.637999892234802246e-01,-3.894999921321868896e-01
1.661999970674514771e-01,-5.573999881744384766e-01,1.254999935626983643e-01
-3.116999864578247070e-01,5.576000213623046875e-01,-5.578999966382980347e-02
2.401999980211257935e-01,4.476999938488006592e-01,-1.446000039577484131e-01
1.190000027418136597e-01,-5.971999764442443848e-01,-8.228000253438949585e-02
9.901000186800956726e-03,6.755999922752380371e-01,-3.223000094294548035e-03
-1.774999946355819702e-01,-5.796999931335449219e-01,-1.445000022649765015e-01
1.633999943733215332e-01,-5.414999723434448242e-01,2.793000042438507080e-01
-3.705999851226806641e-01,-6.158999800682067871e-01,-1.360999941825866699e-01
-8.942999690771102905e-02,-5.547000169754028320e-01,3.867999836802482605e-02
-7.225999981164932251e-02,-4.289999902248382568e-01,1.305999979376792908e-02
-1.567000001668930054e-01,-5.063999891281127930e-01,-2.797999978065490723e-01
3.158999979496002197e-01,-5.149999856948852539e-01,-1.322000026702880859e-01
-1.928000003099441528e-01,-6.765999794006347656e-01,1.729000061750411987e-01
7.129000127315521240e-02,-4.456999897956848145e-02,-1.508000046014785767e-01
2.063000053167343140e-01,-7.275999784469604492e-01,-5.149999856948852539e-01
-2.987999916076660156e-01,5.365999937057495117e-01,-3.489999845623970032e-02
-2.026999928057193756e-02,-8.161000013351440430e-01,-1.287000030279159546e-01
-6.661000102758407593e-02,-6.396999955177307129e-01,-1.369999945163726807e-01
-2.289000004529953003e-01,-4.697000086307525635e-01,-3.758000135421752930e-01
-3.646999895572662354e-01,-5.665000081062316895e-01,-1.846999973058700562e-01
-9.488999843597412109e-02,6.517000198364257812e-01,-3.393000066280364990e-01
5.657999776303768158e-03,-7.753999829292297363e-01,6.071000173687934875e-02
9.414999932050704956e-02,-5.605999827384948730e-01,3.432999923825263977e-02
1.262000054121017456e-01,-6.769999861717224121e-01,-4.957999885082244873e-01
-2.809000015258789062e-01,4.138999879360198975e-01,-1.421999931335449219e-01
-3.149000182747840881e-02,1.915999948978424072e-01,-1.304000020027160645e-01
2.810999937355518341e-02,5.360999703407287598e-01,-1.620000004768371582e-01
-9.318999946117401123e-03,-4.111999869346618652e-01,-4.305999875068664551e-01
-4.425999894738197327e-02,-4.162999987602233887e-01,-2.775999903678894043e-01
-9.720999747514724731e-03,7.213000059127807617e-01,-1.262000054121017456e-01
-2.727999985218048096e-01,4.377999901771545410e-01,-1.885000020265579224e-01
1.737000048160552979e-02,3.549999892711639404e-01,1.213999986648559570e-01
-2.169999927282333374e-01,5.910000205039978027e-01,-7.277999818325042725e-02
-1.870999932289123535e-01,-6.412000060081481934e-01,-1.517000049352645874e-01
-1.700000092387199402e-02,5.094000101089477539e-01,9.700000286102294922e-02
4.992000013589859009e-02,5.593000054359436035e-01,1.009000018239021301e-01
9.991999715566635132e-02,5.207999944686889648e-01,-1.396999955177307129e-01
1.640000045299530029e-01,-5.142999887466430664e-01,-1.529999971389770508e-01
-2.080000042915344238e-01,-6.919000148773193359e-01,1.597999930381774902e-01
-2.081999927759170532e-01,7.479000091552734375e-01,-1.701000034809112549e-01
-3.143999874591827393e-01,-6.518999934196472168e-01,-3.846000134944915771e-01
2.626000046730041504e-01,-2.771000005304813385e-02,-1.747000068426132202e-01
1.063999980688095093e-01,-1.865000091493129730e-02,-1.656000018119812012e-01
-1.476999968290328979e-01,-6.086999773979187012e-01,-6.950999796390533447e-02
-3.375000087544322014e-03,4.995999932289123535e-01,8.132000267505645752e-02
2.605000138282775879e-01,-6.859999895095825195e-01,1.546999961137771606e-01
-5.313000082969665527e-01,-5.225999951362609863e-01,-1.451999992132186890e-01
2.037000060081481934e-01,4.521999955177307129e-01,-1.704999953508377075e-01
2.157000005245208740e-01,-4.970000088214874268e-01,-1.520999968051910400e-01
-3.280000090599060059e-01,-5.519000291824340820e-01,-3.075000084936618805e-02
-8.577000349760055542e-02,-7.735999822616577148e-01,2.037999927997589111e-01
-1.810999959707260132e-01,-5.831000208854675293e-01,-8.381000161170959473e-02
-5.279999971389770508e-02,3.262999951839447021e-01,9.677000343799591064e-02
-2.020999938249588013e-01,-5.885999798774719238e-01,-3.176999837160110474e-02
-3.009999990463256836e-01,-6.399000287055969238e-01,-1.194000020623207092e-01
-2.237000018358230591e-01,-6.560999751091003418e-01,-1.243999972939491272e-01
-4.255999997258186340e-02,-4.686000049114227295e-01,-7.914000004529953003e-02
-4.227999970316886902e-02,7.901999950408935547e-01,-1.532000005245208740e-01
-1.564999967813491821e-01,-7.042999863624572754e-01,-2.526000142097473145e-01
-9.571000188589096069e-02,4.433000087738037109e-01,-4.156000018119812012e-01
-2.561999950557947159e-03,-8.133999705314636230e-01,2.653999924659729004e-01
-3.867000043392181396e-01,-5.507000163197517395e-02,-1.321000009775161743e-01
-1.103999987244606018e-01,-5.099999904632568359e-01,1.454000025987625122e-01
1.959999948740005493e-01,4.277000129222869873e-01,-1.474999934434890747e-01
-1.429000031203031540e-02,-3.973000049591064453e-01,2.100999951362609863e-01
-4.678000137209892273e-02,8.241999745368957520e-01,-2.451000064611434937e-01
-1.005000025033950806e-01,-7.312999963760375977e-01,1.165999993681907654e-01
-2.849999964237213135e-01,-1.833000034093856812e-02,-1.071999967098236084e-01
-2.964000105857849121e-01,3.761999905109405518e-01,-8.918000012636184692e-02
1.071000024676322937e-01,-5.903999805450439453e-01,-1.152999997138977051e-01
-2.449000030755996704e-01,-4.914999902248382568e-01,-1.022000014781951904e-01
-1.546999961137771606e-01,-5.572000145912170410e-01,-1.054999977350234985e-01
-7.992999628186225891e-03,-3.944000005722045898e-01,2.127999961376190186e-01
-2.583000063896179199e-01,5.938000082969665527e-01,-6.413999944925308228e-02
-2.643000101670622826e-03,-4.803000092506408691e-01,-3.867999911308288574e-01
-1.651999913156032562e-02,-1.626999974250793457e-01,2.178000062704086304e-01
-5.479000136256217957e-02,3.804999887943267822e-01,-3.754999935626983643e-01
-2.705999910831451416e-01,6.352000236511230469e-01,-8.703000098466873169e-02
-2.939999997615814209e-01,4.169999957084655762e-01,-1.058999970555305481e-01
-3.425999879837036133e-01,-6.014000177383422852e-01,1.203999966382980347e-01
-3.215000033378601074e-01,4.449000060558319092e-01,-1.350000053644180298e-01
2.787999995052814484e-02,5.350000262260437012e-01,8.663000166416168213e-02
2.300000051036477089e-04,3.605000078678131104e-01,-4.192000031471252441e-01
-8.433999866247177124e-02,5.113999843597412109e-01,-4.083999991416931152e-01
-1.982000023126602173e-01,-6.818000078201293945e-01,1.763000041246414185e-01
1.126000005751848221e-02,-7.742999792098999023e-01,1.361999958753585815e-01
-2.840999960899353027e-01,-5.824000239372253418e-01,5.728000029921531677e-02
-1.356000006198883057e-01,4.402000010013580322e-01,-3.786000013351440430e-01
-1.966000050306320190e-01,-4.580999910831451416e-01,-4.043000042438507080e-01
6.962999701499938965e-02,-6.140999794006347656e-01,-3.643999993801116943e-02
-4.239000007510185242e-02,-7.736999988555908203e-01,3.302999958395957947e-02
-2.371000051498413086e-01,-4.386999905109405518e-01,-4.848000109195709229e-01
4.934999942779541016e-01,-5.098000168800354004e-01,-1.863999962806701660e-01
-1.900999993085861206e-01,-6.514999866485595703e-01,2.381000071763992310e-01
-7.055000215768814087e-02,4.657000005245208740e-01,-3.792000114917755127e-01
-3.314000070095062256e-01,-4.706999957561492920e-01,-7.216999679803848267e-02
-6.706999987363815308e-02,4.860999882221221924e-01,-2.128999978303909302e-01
-1.506000012159347534e-01,-6.758000254631042480e-01,8.184000104665756226e-02
-3.782999888062477112e-02,-1.869000047445297241e-01,-4.253999888896942139e-02
-4.379000142216682434e-02,6.786000132560729980e-01,-1.327999979257583618e-01
-2.511999905109405518e-01,-6.671000123023986816e-01,-3.716000020503997803e-01
1.648999936878681183e-02,-7.954999804496765137e-01,-6.372000277042388916e-02
-2.458000034093856812e-01,-5.270000100135803223e-01,2.680999934673309326e-01
-6.054000183939933777e-02,3.348999917507171631e-01,-3.675999939441680908e-01
-7.760000228881835938e-02,2.709999978542327881e-01,-3.867999911308288574e-01
-7.475999742746353149e-02,-7.524999976158142090e-01,1.268000006675720215e-01
-5.208000168204307556e-02,-4.117000102996826172e-01,-5.084000229835510254e-01
-5.504000186920166016e-01,-4.970999956130981445e-01,-7.325000315904617310e-02
-3.161999955773353577e-02,8.742000162601470947e-02,-9.691999852657318115e-02
2.104000002145767212e-01,5.443000197410583496e-01,-2.469999939203262329e-01
2.363999933004379272e-01,-2.994000017642974854e-01,-1.442999988794326782e-01
-4.532999917864799500e-02,-2.208999991416931152e-01,-1.756999939680099487e-01
4.007999897003173828e-01,-6.765999794006347656e-01,-1.129999980330467224e-01
-2.991000115871429443e-01,-7.231000065803527832e-01,2.648999989032745361e-01
2.479999959468841553e-01,4.815999865531921387e-01,-1.262000054121017456e-01
2.316000014543533325e-01,-5.942999720573425293e-01,3.436000049114227295e-01
-1.022000014781951904e-01,8.320999741554260254e-01,-1.615999937057495117e-01
2.657999992370605469e-01,-6.553000211715698242e-01,-1.331000030040740967e-01
1.156999990344047546e-01,-7.105000019073486328e-01,-3.160000145435333252e-01
-3.827000036835670471e-02,-5.867999792098999023e-01,-2.376000024378299713e-02
-5.522000044584274292e-02,-7.972000241279602051e-01,2.257999926805496216e-01
6.103999912738800049e-03,-7.459999918937683105e-01,-2.458000034093856812e-01
2.382999956607818604e-01,4.695000052452087402e-01,-1.695999950170516968e-01
-1.601999998092651367e-01,-6.780999898910522461e-01,1.005999967455863953e-01
-8.855000138282775879e-02,3.249000012874603271e-01,-4.246999919414520264e-01
5.206999927759170532e-02,5.540000200271606445e-01,1.024999991059303284e-01
-1.027999967336654663e-01,3.664000034332275391e-01,1.243999972939491272e-01
-9.656000137329101562e-02,-6.184999942779541016e-01,-1.262000054121017456e-01
-9.441000223159790039e-02,-7.275000214576721191e-01,4.205000028014183044e-02
-2.558999955654144287e-01,-5.353000164031982422e-01,-7.797999680042266846e-02
-9.616000205278396606e-02,-5.189999938011169434e-01,7.583999633789062500e-02
-5.968000292778015137e-01,-5.368000268936157227e-01,-1.189000010490417480e-01
-5.115000158548355103e-02,1.124999970197677612e-01,-9.814999997615814209e-03
-3.973000049591064453e-01,-5.802999734878540039e-01,1.906999945640563965e-02
-5.598000064492225647e-02,-8.475999832153320312e-01,-1.665000021457672119e-01
1.612000018358230591e-01,-7.096999883651733398e-01,-5.223000049591064453e-01
-2.684000134468078613e-01,-6.643999814987182617e-01,-6.741999834775924683e-02
-1.967000067234039307e-01,-7.021999955177307129e-01,7.836999744176864624e-02
9.866000153124332428e-03,-5.055999755859375000e-01,-3.316000103950500488e-01
1.533000022172927856e-01,-7.127000093460083008e-01,-3.346999883651733398e-01
6.204999983310699463e-03,-7.814999818801879883e-01,5.037000030279159546e-02
-4.600999951362609863e-01,-5.911999940872192383e-01,-1.729000061750411987e-01
3.919000178575515747e-02,5.572000145912170410e-01,1.164000034332275391e-01
1.932000070810317993e-01,-6.543999910354614258e-01,-1.212999969720840454e-01
